 # Derivative distribution function -dV(r)/dr (or -dV(d)/dd) vs d
   6.25000000E-02  -0.00000000    
  0.187500000      -0.00000000    
  0.312500000      -0.00000000    
  0.437500000      -0.00000000    
  0.562500000      -0.00000000    
  0.687500000      -0.00000000    
  0.812500000      -0.00000000    
  0.937500000      -0.00000000    
   1.06250000      -0.00000000    
   1.18750000      -0.00000000    
   1.31250000      -0.00000000    
   1.43750000      -0.00000000    
   1.56250000      -0.00000000    
   1.68750000      -0.00000000    
   1.81250000      -0.00000000    
   1.93750000      -0.00000000    
   2.06250000      -0.00000000    
   2.18750000      -0.00000000    
   2.31250000      -0.00000000    
   2.43750000      -0.00000000    
   2.56250000      -0.00000000    
   2.68750000      -0.00000000    
   2.81250000      -0.00000000    
   2.93750000      -0.00000000    
   3.06250000       1.71160698E-03
   3.18750000       1.24089718E-02
   3.31250000       1.88274384E-02
   3.43750000       1.58324242E-02
   3.56250000       1.49765015E-02
   3.68750000       2.61018276E-02
   3.81250000       2.61018276E-02
   3.93750000       9.41371918E-03
   4.06250000       1.66881084E-02
   4.18750000       2.56738663E-02
   4.31250000       1.66881084E-02
   4.43750000       1.28371716E-02
   4.56250000       1.96833611E-02
   4.68750000       1.92553997E-02
   4.81250000       1.06973648E-02
   4.93750000       1.49765015E-02
   5.06250000       2.26788521E-02
   5.18750000       1.96833611E-02
   5.31250000       2.05390453E-02
   5.43750000       2.61018276E-02
   5.56250000       2.05390453E-02
   5.68750000       1.75437927E-02
   5.81250000       2.35345364E-02
   5.93750000       2.01113224E-02
   6.06250000       1.32648945E-02
   6.18750000       3.89387608E-02
   6.31250000       5.17756939E-02
   6.43750000       4.49292660E-02
   6.56250000       6.97476864E-02
   6.68750000       5.77664375E-02
   6.81250000       1.92553997E-02
   6.93750000       9.84168053E-03
   7.06250000       8.13007355E-03
   7.18750000       7.27438927E-03
   7.31250000       1.06973648E-02
   7.43750000       1.36926174E-02
   7.56250000       1.02696419E-02
   7.68750000       1.06976032E-02
   7.81250000       1.36928558E-02
   7.93750000       8.98575783E-03
   8.06250000       8.13007355E-03
   8.18750000       1.15532875E-02
   8.31250000       8.13007355E-03
   8.43750000       5.13482094E-03
   8.56250000       1.06973648E-02
   8.68750000       1.24089718E-02
   8.81250000       8.55803490E-03
   8.93750000       7.27438927E-03
   9.06250000       6.84642792E-03
   9.18750000       1.28369331E-02
   9.31250000       1.32648945E-02
   9.43750000       1.28369331E-02
   9.56250000       1.83997154E-02
   9.68750000       1.58324242E-02
   9.81250000       1.62601471E-02
   9.93750000       2.26786137E-02
   10.0625000       2.05390453E-02
   10.1875000       1.83997154E-02
   10.3125000       1.66881084E-02
   10.4375000       1.32646561E-02
   10.5625000       1.41205788E-02
   10.6875000       1.54044628E-02
   10.8125000       1.83997154E-02
   10.9375000       2.18229294E-02
   11.0625000       2.61018276E-02
   11.1875000       2.48181820E-02
   11.3125000       2.09670067E-02
   11.4375000       1.75437927E-02
   11.5625000       2.43902206E-02
   11.6875000       2.61018276E-02
   11.8125000       1.88276768E-02
   11.9375000       1.71158314E-02
   12.0625000       1.49765015E-02
   12.1875000       1.83997154E-02
   12.3125000       2.43902206E-02
   12.4375000       2.65297890E-02
   12.5625000       2.13949680E-02
   12.6875000       1.45485401E-02
   12.8125000       2.95250416E-02
   12.9375000       3.67994308E-02
   13.0625000       2.43902206E-02
   13.1875000       2.82411575E-02
   13.3125000       3.85107994E-02
   13.4375000       3.42319012E-02
   13.5625000       2.69577503E-02
   13.6875000       3.29482555E-02
   13.8125000       3.16643715E-02
   13.9375000       3.42319012E-02
   14.0625000       3.20925713E-02
   14.1875000       2.43902206E-02
   14.3125000       3.63714695E-02
   14.4375000       3.29482555E-02
   14.5625000       2.65295506E-02
   14.6875000       2.56741047E-02
   14.8125000       1.79717541E-02
   14.9375000       2.01110840E-02
   15.0625000       2.69577503E-02
   15.1875000       2.22508907E-02
   15.3125000       2.61018276E-02
   15.4375000       3.29482555E-02
   15.5625000       2.22506523E-02
   15.6875000       1.79717541E-02
   15.8125000       2.22508907E-02
   15.9375000       2.48179436E-02
   16.0625000       2.05390453E-02
   16.1875000       2.35345364E-02
   16.3125000       2.26786137E-02
   16.4375000       2.13949680E-02
   16.5625000       2.90973186E-02
   16.6875000       2.86693573E-02
   16.8125000       2.39622593E-02
   16.9375000       2.31063366E-02
   17.0625000       2.56738663E-02
   17.1875000       1.96833611E-02
   17.3125000       1.49765015E-02
   17.4375000       2.05392838E-02
   17.5625000       2.05392838E-02
   17.6875000       1.58321857E-02
   17.8125000       1.83994770E-02
   17.9375000       1.96833611E-02
   18.0625000       1.24092102E-02
   18.1875000       1.54044628E-02
   18.3125000       1.54042244E-02
   18.4375000       1.36926174E-02
   18.5625000       1.58324242E-02
   18.6875000       1.06976032E-02
   18.8125000       1.45485401E-02
   18.9375000       1.79717541E-02
   19.0625000       2.01113224E-02
   19.1875000       1.79717541E-02
   19.3125000       1.19810104E-02
   19.4375000       1.49765015E-02
   19.5625000       1.28369331E-02
   19.6875000       7.27415085E-03
   19.8125000       1.15532875E-02
   19.9375000       1.32648945E-02
   20.0625000       1.32648945E-02
   20.1875000       1.66881084E-02
   20.3125000       1.02696419E-02
   20.4375000       4.70685959E-03
   20.5625000       1.11253262E-02
   20.6875000       1.15532875E-02
   20.8125000       1.06976032E-02
   20.9375000       1.24089718E-02
   21.0625000       1.36926174E-02
   21.1875000       1.15532875E-02
   21.3125000       1.11253262E-02
   21.4375000       1.62601471E-02
   21.5625000       1.66881084E-02
   21.6875000       1.11255646E-02
   21.8125000       7.27438927E-03
   21.9375000       9.41371918E-03
   22.0625000       1.02694035E-02
   22.1875000       9.84168053E-03
   22.3125000       1.15532875E-02
   22.4375000       1.28369331E-02
   22.5625000       1.32648945E-02
   22.6875000       1.45485401E-02
   22.8125000       1.62601471E-02
   22.9375000       1.75437927E-02
   23.0625000       1.66881084E-02
   23.1875000       1.28371716E-02
   23.3125000       9.84168053E-03
   23.4375000       1.11253262E-02
   23.5625000       9.41371918E-03
   23.6875000       8.55803490E-03
   23.8125000       1.58324242E-02
   23.9375000       1.45485401E-02
   24.0625000       8.13007355E-03
   24.1875000       8.98575783E-03
   24.3125000       8.55803490E-03
   24.4375000       7.70211220E-03
   24.5625000       4.70685959E-03
   24.6875000       1.54044628E-02
   24.8125000       2.22506523E-02
   24.9375000       1.79717541E-02
   25.0625000       3.29482555E-02
   25.1875000       2.31065750E-02
   25.3125000      0.290543318    
   25.4375000      0.655113339    
   25.5625000      0.755241871    
   25.6875000      0.392383456    
   25.8125000       2.56741047E-03
   25.9375000       1.71160698E-03
   26.0625000       1.71160698E-03
   26.1875000       2.13944912E-03
   26.3125000       3.85105610E-03
   26.4375000       8.55803490E-03
   26.5625000       7.27427006E-03
   26.6875000       5.56266308E-03
   26.8125000       6.41846657E-03
   26.9375000       4.27901745E-03
   27.0625000       6.41846657E-03
   27.1875000       4.70685959E-03
   27.3125000       2.56741047E-03
   27.4375000       2.13944912E-03
   27.5625000       2.13956833E-03
   27.6875000       3.42321396E-03
   27.8125000       3.85105610E-03
   27.9375000       3.42321396E-03
   28.0625000       3.85105610E-03
   28.1875000       3.85105610E-03
   28.3125000       7.27427006E-03
   28.4375000       1.19812489E-02
   28.5625000       5.99062443E-03
   28.6875000       2.99525261E-03
   28.8125000       5.56266308E-03
   28.9375000       3.42321396E-03
   29.0625000       5.56266308E-03
   29.1875000       7.70211220E-03
   29.3125000       6.84642792E-03
   29.4375000       6.41846657E-03
   29.5625000       3.42321396E-03
   29.6875000       4.27901745E-03
   29.8125000       8.98587704E-03
   29.9375000       6.84642792E-03
   30.0625000       2.13944912E-03
   30.1875000       7.27427006E-03
   30.3125000       1.06974840E-02
   30.4375000       5.56266308E-03
   30.5625000       3.42321396E-03
   30.6875000       5.13482094E-03
   30.8125000       6.84642792E-03
   30.9375000       6.84642792E-03
   31.0625000       3.85105610E-03
   31.1875000       5.13470173E-03
   31.3125000       6.41846657E-03
   31.4375000       1.02696419E-02
   31.5625000       8.13007355E-03
   31.6875000       5.99050522E-03
   31.8125000       7.70223141E-03
   31.9375000       8.55803490E-03
   32.0625000       6.41846657E-03
   32.1875000       1.71160698E-03
   32.3125000       3.42321396E-03
   32.4375000       1.28369331E-02
   32.5625000       1.54043436E-02
   32.6875000       2.22507715E-02
   32.8125000      0.859221220    
   32.9375000      0.841249466    
   33.0625000      -0.00000000    
   33.1875000      0.289687634    
   33.3125000      0.289687634    
   33.4375000      -0.00000000    
   33.5625000      -0.00000000    
   33.6875000      -0.00000000    
   33.8125000      -0.00000000    
   33.9375000      -0.00000000    
   34.0625000      -0.00000000    
   34.1875000      -0.00000000    
   34.3125000      -0.00000000    
   34.4375000      -0.00000000    
   34.5625000      -0.00000000    
   34.6875000      -0.00000000    
   34.8125000      -0.00000000    
   34.9375000      -0.00000000    
   35.0625000      -0.00000000    
   35.1875000      -0.00000000    
   35.3125000      -0.00000000    
   35.4375000      -0.00000000    
   35.5625000      -0.00000000    
   35.6875000      -0.00000000    
   35.8125000      -0.00000000    
   35.9375000      -0.00000000    
   36.0625000      -0.00000000    
   36.1875000      -0.00000000    
   36.3125000      -0.00000000    
   36.4375000      -0.00000000    
   36.5625000      -0.00000000    
   36.6875000      -0.00000000    
   36.8125000      -0.00000000    
   36.9375000      -0.00000000    
   37.0625000      -0.00000000    
   37.1875000      -0.00000000    
   37.3125000      -0.00000000    
   37.4375000      -0.00000000    
   37.5625000      -0.00000000    
   37.6875000      -0.00000000    
   37.8125000      -0.00000000    
   37.9375000      -0.00000000    
   38.0625000      -0.00000000    
   38.1875000      -0.00000000    
   38.3125000      -0.00000000    
   38.4375000      -0.00000000    
   38.5625000      -0.00000000    
   38.6875000      -0.00000000    
   38.8125000      -0.00000000    
   38.9375000      -0.00000000    
   39.0625000      -0.00000000    
   39.1875000      -0.00000000    
   39.3125000      -0.00000000    
   39.4375000      -0.00000000    
   39.5625000      -0.00000000    
   39.6875000      -0.00000000    
