 # Derivative distribution function -dV(r)/dr (or -dV(d)/dd) vs d
   6.25000000E-02  -0.00000000    
  0.187500000      -0.00000000    
  0.312500000      -0.00000000    
  0.437500000      -0.00000000    
  0.562500000      -0.00000000    
  0.687500000      -0.00000000    
  0.812500000      -0.00000000    
  0.937500000      -0.00000000    
   1.06250000      -0.00000000    
   1.18750000      -0.00000000    
   1.31250000      -0.00000000    
   1.43750000      -0.00000000    
   1.56250000      -0.00000000    
   1.68750000      -0.00000000    
   1.81250000      -0.00000000    
   1.93750000      -0.00000000    
   2.06250000      -0.00000000    
   2.18750000      -0.00000000    
   2.31250000      -0.00000000    
   2.43750000      -0.00000000    
   2.56250000      -0.00000000    
   2.68750000      -0.00000000    
   2.81250000      -0.00000000    
   2.93750000      -0.00000000    
   3.06250000       1.26266479E-03
   3.18750000       1.13649368E-02
   3.31250000       2.23088264E-02
   3.43750000       1.89411640E-02
   3.56250000       1.22067928E-02
   3.68750000       1.85205936E-02
   3.81250000       2.23085880E-02
   3.93750000       1.43113136E-02
   4.06250000       1.47321224E-02
   4.18750000       1.72576904E-02
   4.31250000       1.76787376E-02
   4.43750000       2.06251144E-02
   4.56250000       2.14669704E-02
   4.68750000       2.02040672E-02
   4.81250000       1.76784992E-02
   4.93750000       1.68368816E-02
   5.06250000       1.89414024E-02
   5.18750000       2.14667320E-02
   5.31250000       2.18877792E-02
   5.43750000       2.60970592E-02
   5.56250000       1.85205936E-02
   5.68750000       1.09438896E-02
   5.81250000       1.72576904E-02
   5.93750000       2.56762505E-02
   6.06250000       3.03061008E-02
   6.18750000       6.10332489E-02
   6.31250000       8.12375546E-02
   6.43750000       5.97705841E-02
   6.56250000       7.66074657E-02
   6.68750000       6.60843849E-02
   6.81250000       1.89414024E-02
   6.93750000       8.83936882E-03
   7.06250000       7.57646561E-03
   7.18750000       7.15565681E-03
   7.31250000       1.38905048E-02
   7.43750000       1.22065544E-02
   7.56250000       5.05089760E-03
   7.68750000       5.47194481E-03
   7.81250000       9.68122482E-03
   7.93750000       1.01022720E-02
   8.06250000       1.09438896E-02
   8.18750000       1.38902664E-02
   8.31250000       1.13649368E-02
   8.43750000       8.41832161E-03
   8.56250000       7.15541840E-03
   8.68750000       8.41856003E-03
   8.81250000       1.01022720E-02
   8.93750000       1.01020336E-02
   9.06250000       6.73460960E-03
   9.18750000       1.30484104E-02
   9.31250000       1.43113136E-02
   9.43750000       7.57670403E-03
   9.56250000       1.17857456E-02
   9.68750000       1.22065544E-02
   9.81250000       1.26276016E-02
   9.93750000       1.43113136E-02
   10.0625000       1.68366432E-02
   10.1875000       1.59947872E-02
   10.3125000       1.43113136E-02
   10.4375000       1.64160728E-02
   10.5625000       1.51531696E-02
   10.6875000       1.72576904E-02
   10.8125000       2.31506824E-02
   10.9375000       2.27296352E-02
   11.0625000       2.23085880E-02
   11.1875000       2.82015800E-02
   11.3125000       2.65181065E-02
   11.4375000       2.18877792E-02
   11.5625000       2.27296352E-02
   11.6875000       2.14669704E-02
   11.8125000       2.10459232E-02
   11.9375000       2.23088264E-02
   12.0625000       2.35714912E-02
   12.1875000       2.39923000E-02
   12.3125000       2.39925385E-02
   12.4375000       2.60970592E-02
   12.5625000       2.44131088E-02
   12.6875000       2.10459232E-02
   12.8125000       2.73599625E-02
   12.9375000       2.94644833E-02
   13.0625000       2.90434361E-02
   13.1875000       3.74617577E-02
   13.3125000       3.83036137E-02
   13.4375000       3.53572369E-02
   13.5625000       3.11481953E-02
   13.6875000       3.15690041E-02
   13.8125000       3.11479568E-02
   13.9375000       3.32527161E-02
   14.0625000       2.94644833E-02
   14.1875000       2.14669704E-02
   14.3125000       3.07271481E-02
   14.4375000       2.98852921E-02
   14.5625000       2.82015800E-02
   14.6875000       2.82015800E-02
   14.8125000       2.44133472E-02
   14.9375000       3.11479568E-02
   15.0625000       3.03061008E-02
   15.1875000       1.68368816E-02
   15.3125000       1.97832584E-02
   15.4375000       2.90434361E-02
   15.5625000       3.11479568E-02
   15.6875000       2.60970592E-02
   15.8125000       2.35717297E-02
   15.9375000       2.77805328E-02
   16.0625000       2.10459232E-02
   16.1875000       1.85205936E-02
   16.3125000       1.76784992E-02
   16.4375000       1.85203552E-02
   16.5625000       2.14669704E-02
   16.6875000       2.39925385E-02
   16.8125000       2.06251144E-02
   16.9375000       1.93622112E-02
   17.0625000       2.65178680E-02
   17.1875000       2.27296352E-02
   17.3125000       1.97832584E-02
   17.4375000       2.06251144E-02
   17.5625000       1.89414024E-02
   17.6875000       1.59950256E-02
   17.8125000       1.30484104E-02
   17.9375000       1.93622112E-02
   18.0625000       2.48343945E-02
   18.1875000       2.27296352E-02
   18.3125000       1.93622112E-02
   18.4375000       1.76787376E-02
   18.5625000       1.47323608E-02
   18.6875000       1.43113136E-02
   18.8125000       1.59947872E-02
   18.9375000       1.34694576E-02
   19.0625000       1.51531696E-02
   19.1875000       1.26276016E-02
   19.3125000       1.17857456E-02
   19.4375000       1.68366432E-02
   19.5625000       1.22065544E-02
   19.6875000       1.09438896E-02
   19.8125000       1.17857456E-02
   19.9375000       1.09438896E-02
   20.0625000       1.17859840E-02
   20.1875000       1.55742168E-02
   20.3125000       1.55739784E-02
   20.4375000       8.41832161E-03
   20.5625000       9.68098640E-03
   20.6875000       1.22065544E-02
   20.8125000       1.01022720E-02
   20.9375000       1.01022720E-02
   21.0625000       1.09438896E-02
   21.1875000       1.34694576E-02
   21.3125000       1.38902664E-02
   21.4375000       1.01020336E-02
   21.5625000       1.13649368E-02
   21.6875000       1.01020336E-02
   21.8125000       7.15565681E-03
   21.9375000       7.15565681E-03
   22.0625000       9.26017761E-03
   22.1875000       1.43113136E-02
   22.3125000       1.55739784E-02
   22.4375000       1.09438896E-02
   22.5625000       1.17857456E-02
   22.6875000       1.22065544E-02
   22.8125000       7.57646561E-03
   22.9375000       1.30486488E-02
   23.0625000       1.47323608E-02
   23.1875000       7.99727440E-03
   23.3125000       7.57646561E-03
   23.4375000       1.22067928E-02
   23.5625000       1.22067928E-02
   23.6875000       8.41832161E-03
   23.8125000       1.13646984E-02
   23.9375000       9.68122482E-03
   24.0625000       6.73484802E-03
   24.1875000       1.01020336E-02
   24.3125000       1.17857456E-02
   24.4375000       1.80995464E-02
   24.5625000       1.43110752E-02
   24.6875000       1.22067928E-02
   24.8125000       2.06251144E-02
   24.9375000       1.97830200E-02
   25.0625000       2.44133472E-02
   25.1875000       1.64160728E-02
   25.3125000      0.307692289    
   25.4375000      0.696201086    
   25.5625000      0.774913192    
   25.6875000      0.388508916    
   25.8125000       3.78835201E-03
   25.9375000       2.10464001E-03
   26.0625000       2.10452080E-03
   26.1875000       2.94637680E-03
   26.3125000       4.20928001E-03
   26.4375000       5.47194481E-03
   26.5625000       4.63008881E-03
   26.6875000       3.36742401E-03
   26.8125000       2.94637680E-03
   26.9375000       4.20916080E-03
   27.0625000       4.63020802E-03
   27.1875000       3.36730480E-03
   27.3125000       5.05101681E-03
   27.4375000       4.63020802E-03
   27.5625000       2.94637680E-03
   27.6875000       4.20916080E-03
   27.8125000       5.47194481E-03
   27.9375000       2.94637680E-03
   28.0625000       4.20928001E-04
   28.1875000       1.26278400E-03
   28.3125000       6.31380081E-03
   28.4375000       1.13648176E-02
   28.5625000       5.89287281E-03
   28.6875000       2.52556801E-03
   28.8125000       5.05113602E-03
   28.9375000       2.94637680E-03
   29.0625000       5.05101681E-03
   29.1875000       6.73472881E-03
   29.3125000       9.26017761E-03
   29.4375000       1.17857456E-02
   29.5625000       5.47194481E-03
   29.6875000       2.10464001E-03
   29.8125000       6.73472881E-03
   29.9375000       6.31380081E-03
   30.0625000       2.52556801E-03
   30.1875000       7.99751282E-03
   30.3125000       1.30485296E-02
   30.4375000       7.57646561E-03
   30.5625000       3.36730480E-03
   30.6875000       5.89287281E-03
   30.8125000       8.41844082E-03
   30.9375000       7.15565681E-03
   31.0625000       2.94637680E-03
   31.1875000       2.52556801E-03
   31.3125000       5.05101681E-03
   31.4375000       6.73472881E-03
   31.5625000       3.78835201E-03
   31.6875000       4.63008881E-03
   31.8125000       4.63008881E-03
   31.9375000       5.89287281E-03
   32.0625000       5.47194481E-03
   32.1875000       4.20916080E-03
   32.3125000       7.15565681E-03
   32.4375000       1.80995464E-02
   32.5625000       1.72576904E-02
   32.6875000       2.31506824E-02
   32.8125000      0.814900517    
   32.9375000      0.793854475    
   33.0625000      -0.00000000    
   33.1875000      0.262232989    
   33.3125000      0.262232989    
   33.4375000      -0.00000000    
   33.5625000      -0.00000000    
   33.6875000      -0.00000000    
   33.8125000      -0.00000000    
   33.9375000      -0.00000000    
   34.0625000      -0.00000000    
   34.1875000      -0.00000000    
   34.3125000      -0.00000000    
   34.4375000      -0.00000000    
   34.5625000      -0.00000000    
   34.6875000      -0.00000000    
   34.8125000      -0.00000000    
   34.9375000      -0.00000000    
   35.0625000      -0.00000000    
   35.1875000      -0.00000000    
   35.3125000      -0.00000000    
   35.4375000      -0.00000000    
   35.5625000      -0.00000000    
   35.6875000      -0.00000000    
   35.8125000      -0.00000000    
   35.9375000      -0.00000000    
   36.0625000      -0.00000000    
   36.1875000      -0.00000000    
   36.3125000      -0.00000000    
   36.4375000      -0.00000000    
   36.5625000      -0.00000000    
   36.6875000      -0.00000000    
   36.8125000      -0.00000000    
   36.9375000      -0.00000000    
   37.0625000      -0.00000000    
   37.1875000      -0.00000000    
   37.3125000      -0.00000000    
   37.4375000      -0.00000000    
   37.5625000      -0.00000000    
   37.6875000      -0.00000000    
   37.8125000      -0.00000000    
   37.9375000      -0.00000000    
   38.0625000      -0.00000000    
   38.1875000      -0.00000000    
   38.3125000      -0.00000000    
   38.4375000      -0.00000000    
   38.5625000      -0.00000000    
   38.6875000      -0.00000000    
   38.8125000      -0.00000000    
   38.9375000      -0.00000000    
   39.0625000      -0.00000000    
   39.1875000      -0.00000000    
   39.3125000      -0.00000000    
   39.4375000      -0.00000000    
   39.5625000      -0.00000000    
   39.6875000      -0.00000000    
