 # Derivative distribution function -dV(r)/dr (or -dV(d)/dd) vs d
  0.125000000      -0.00000000    
  0.375000000      -0.00000000    
  0.625000000      -0.00000000    
  0.875000000      -0.00000000    
   1.12500000      -0.00000000    
   1.37500000      -0.00000000    
   1.62500000      -0.00000000    
   1.87500000      -0.00000000    
   2.12500000      -0.00000000    
   2.37500000      -0.00000000    
   2.62500000       5.03420830E-04
   2.87500000       1.51038170E-03
   3.12500000       3.27249765E-02
   3.37500000       4.35494184E-02
   3.62500000       3.24733257E-02
   3.87500000       3.29767466E-02
   4.12500000       3.47387791E-02
   4.37500000       5.08495569E-02
   4.62500000       4.88357544E-02
   4.87500000       3.70043516E-02
   5.12500000       3.90182734E-02
   5.37500000       6.34361506E-02
   5.62500000       8.13089609E-02
   5.87500000       8.76022577E-02
   6.12500000       8.15607309E-02
   6.37500000       7.40088224E-02
   6.62500000       6.29327297E-02
   6.87500000       4.80805635E-02
   7.12500000       5.76462746E-02
   7.37500000       4.63184118E-02
   7.62500000       4.85839844E-02
   7.87500000       5.78980446E-02
   8.12500000       6.24291897E-02
   8.37500000       9.61611271E-02
   8.62500000       9.08747911E-02
   8.87500000       9.54059362E-02
   9.12500000       8.83574486E-02
   9.37500000       7.50157833E-02
   9.62500000       8.93644094E-02
   9.87500000       5.91566563E-02
   10.1250000       5.61358929E-02
   10.3750000       1.13102579    
   10.6250000       1.09251106    
   10.8750000      -0.00000000    
   11.1250000      -0.00000000    
   11.3750000      -0.00000000    
   11.6250000      -0.00000000    
   11.8750000      -0.00000000    
   12.1250000      -0.00000000    
   12.3750000      -0.00000000    
   12.6250000      -0.00000000    
   12.8750000      -0.00000000    
   13.1250000      -0.00000000    
   13.3750000      -0.00000000    
   13.6250000      -0.00000000    
   13.8750000      -0.00000000    
   14.1250000      -0.00000000    
   14.3750000      -0.00000000    
   14.6250000      -0.00000000    
   14.8750000      -0.00000000    
   15.1250000      -0.00000000    
   15.3750000      -0.00000000    
   15.6250000      -0.00000000    
   15.8750000      -0.00000000    
   16.1250000      -0.00000000    
   16.3750000      -0.00000000    
   16.6250000      -0.00000000    
   16.8750000      -0.00000000    
   17.1250000      -0.00000000    
   17.3750000      -0.00000000    
   17.6250000      -0.00000000    
   17.8750000      -0.00000000    
   18.1250000      -0.00000000    
   18.3750000      -0.00000000    
   18.6250000      -0.00000000    
   18.8750000      -0.00000000    
   19.1250000      -0.00000000    
   19.3750000      -0.00000000    
