 # Derivative distribution function -dV(r)/dr (or -dV(d)/dd) vs d
  0.125000000      -0.00000000    
  0.375000000      -0.00000000    
  0.625000000      -0.00000000    
  0.875000000      -0.00000000    
   1.12500000      -0.00000000    
   1.37500000      -0.00000000    
   1.62500000      -0.00000000    
   1.87500000      -0.00000000    
   2.12500000      -0.00000000    
   2.37500000       2.30789185E-04
   2.62500000       2.53891945E-03
   2.87500000       8.30936432E-03
   3.12500000       2.40046978E-02
   3.37500000       4.33928967E-02
   3.62500000       4.87016439E-02
   3.87500000       4.47778702E-02
   4.12500000       3.83150578E-02
   4.37500000       3.41603756E-02
   4.62500000       3.76225710E-02
   4.87500000       4.01616096E-02
   5.12500000       3.39295864E-02
   5.37500000       3.06981802E-02
   5.62500000       3.41604948E-02
   5.87500000       3.13906670E-02
   6.12500000       2.88516283E-02
   6.37500000       2.93133259E-02
   6.62500000       3.48528624E-02
   6.87500000       4.75475788E-02
   7.12500000       5.33180237E-02
   7.37500000       5.44720888E-02
   7.62500000       6.78591728E-02
   7.87500000       7.40910769E-02
   8.12500000      0.128563166    
   8.37500000      0.269821167    
   8.62500000      0.301211834    
   8.87500000      0.201961875    
   9.12500000       1.16607034    
   9.37500000       1.08967113    
   9.62500000      -0.00000000    
   9.87500000      -0.00000000    
   10.1250000      -0.00000000    
   10.3750000      -0.00000000    
   10.6250000      -0.00000000    
   10.8750000      -0.00000000    
   11.1250000      -0.00000000    
   11.3750000      -0.00000000    
   11.6250000      -0.00000000    
   11.8750000      -0.00000000    
   12.1250000      -0.00000000    
   12.3750000      -0.00000000    
   12.6250000      -0.00000000    
   12.8750000      -0.00000000    
   13.1250000      -0.00000000    
   13.3750000      -0.00000000    
   13.6250000      -0.00000000    
   13.8750000      -0.00000000    
   14.1250000      -0.00000000    
   14.3750000      -0.00000000    
   14.6250000      -0.00000000    
   14.8750000      -0.00000000    
   15.1250000      -0.00000000    
   15.3750000      -0.00000000    
   15.6250000      -0.00000000    
   15.8750000      -0.00000000    
   16.1250000      -0.00000000    
   16.3750000      -0.00000000    
   16.6250000      -0.00000000    
   16.8750000      -0.00000000    
   17.1250000      -0.00000000    
   17.3750000      -0.00000000    
   17.6250000      -0.00000000    
   17.8750000      -0.00000000    
   18.1250000      -0.00000000    
   18.3750000      -0.00000000    
   18.6250000      -0.00000000    
   18.8750000      -0.00000000    
   19.1250000      -0.00000000    
   19.3750000      -0.00000000    
