 # Derivative distribution function -dV(r)/dr (or -dV(d)/dd) vs d
  0.125000000      -0.00000000    
  0.375000000      -0.00000000    
  0.625000000      -0.00000000    
  0.875000000      -0.00000000    
   1.12500000      -0.00000000    
   1.37500000      -0.00000000    
   1.62500000      -0.00000000    
   1.87500000      -0.00000000    
   2.12500000      -0.00000000    
   2.37500000       2.28762627E-04
   2.62500000       3.43096256E-03
   2.87500000       8.92031193E-03
   3.12500000       2.31015682E-02
   3.37500000       4.16285992E-02
   3.62500000       4.07135487E-02
   3.87500000       3.84263992E-02
   4.12500000       4.23147678E-02
   4.37500000       4.25434113E-02
   4.62500000       4.25434113E-02
   4.87500000       4.04849052E-02
   5.12500000       3.63678932E-02
   5.37500000       3.24794054E-02
   5.62500000       3.33942175E-02
   5.87500000       3.40805054E-02
   6.12500000       3.06496620E-02
   6.37500000       3.15644741E-02
   6.62500000       3.72827053E-02
   6.87500000       4.94053364E-02
   7.12500000       6.15278482E-02
   7.37500000       6.38152361E-02
   7.62500000       6.67886734E-02
   7.87500000       6.90759420E-02
   8.12500000      0.131061316    
   8.37500000      0.275617480    
   8.62500000      0.296431899    
   8.87500000      0.203110695    
   9.12500000       1.15439153    
   9.37500000       1.06861854    
   9.62500000      -0.00000000    
   9.87500000      -0.00000000    
   10.1250000      -0.00000000    
   10.3750000      -0.00000000    
   10.6250000      -0.00000000    
   10.8750000      -0.00000000    
   11.1250000      -0.00000000    
   11.3750000      -0.00000000    
   11.6250000      -0.00000000    
   11.8750000      -0.00000000    
   12.1250000      -0.00000000    
   12.3750000      -0.00000000    
   12.6250000      -0.00000000    
   12.8750000      -0.00000000    
   13.1250000      -0.00000000    
   13.3750000      -0.00000000    
   13.6250000      -0.00000000    
   13.8750000      -0.00000000    
   14.1250000      -0.00000000    
   14.3750000      -0.00000000    
   14.6250000      -0.00000000    
   14.8750000      -0.00000000    
   15.1250000      -0.00000000    
   15.3750000      -0.00000000    
   15.6250000      -0.00000000    
   15.8750000      -0.00000000    
   16.1250000      -0.00000000    
   16.3750000      -0.00000000    
   16.6250000      -0.00000000    
   16.8750000      -0.00000000    
   17.1250000      -0.00000000    
   17.3750000      -0.00000000    
   17.6250000      -0.00000000    
   17.8750000      -0.00000000    
   18.1250000      -0.00000000    
   18.3750000      -0.00000000    
   18.6250000      -0.00000000    
   18.8750000      -0.00000000    
   19.1250000      -0.00000000    
   19.3750000      -0.00000000    
