 # Derivative distribution function -dV(r)/dr (or -dV(d)/dd) vs d
  0.125000000      -0.00000000    
  0.375000000      -0.00000000    
  0.625000000      -0.00000000    
  0.875000000      -0.00000000    
   1.12500000      -0.00000000    
   1.37500000      -0.00000000    
   1.62500000      -0.00000000    
   1.87500000      -0.00000000    
   2.12500000      -0.00000000    
   2.37500000       1.38986111E-03
   2.62500000       1.08871460E-02
   2.87500000       2.38591433E-02
   3.12500000       4.93398905E-02
   3.37500000       6.30067587E-02
   3.62500000       5.42042255E-02
   3.87500000       5.30461073E-02
   4.12500000       5.32778502E-02
   4.37500000       5.97636700E-02
   4.62500000       5.67523241E-02
   4.87500000       4.56335545E-02
   5.12500000       4.93397713E-02
   5.37500000       5.58258295E-02
   5.62500000       6.16168976E-02
   5.87500000       6.76395893E-02
   6.12500000       7.36622810E-02
   6.37500000       8.87190104E-02
   6.62500000       8.36229324E-02
   6.87500000       6.78712130E-02
   7.12500000      0.879545927    
   7.37500000       1.47324526    
   7.62500000      0.627750754    
   7.87500000      -0.00000000    
   8.12500000      -0.00000000    
   8.37500000      -0.00000000    
   8.62500000      -0.00000000    
   8.87500000      -0.00000000    
   9.12500000      -0.00000000    
   9.37500000      -0.00000000    
   9.62500000      -0.00000000    
   9.87500000      -0.00000000    
   10.1250000      -0.00000000    
   10.3750000      -0.00000000    
   10.6250000      -0.00000000    
   10.8750000      -0.00000000    
   11.1250000      -0.00000000    
   11.3750000      -0.00000000    
   11.6250000      -0.00000000    
   11.8750000      -0.00000000    
   12.1250000      -0.00000000    
   12.3750000      -0.00000000    
   12.6250000      -0.00000000    
   12.8750000      -0.00000000    
   13.1250000      -0.00000000    
   13.3750000      -0.00000000    
   13.6250000      -0.00000000    
   13.8750000      -0.00000000    
   14.1250000      -0.00000000    
   14.3750000      -0.00000000    
   14.6250000      -0.00000000    
   14.8750000      -0.00000000    
   15.1250000      -0.00000000    
   15.3750000      -0.00000000    
   15.6250000      -0.00000000    
   15.8750000      -0.00000000    
   16.1250000      -0.00000000    
   16.3750000      -0.00000000    
   16.6250000      -0.00000000    
   16.8750000      -0.00000000    
   17.1250000      -0.00000000    
   17.3750000      -0.00000000    
   17.6250000      -0.00000000    
   17.8750000      -0.00000000    
   18.1250000      -0.00000000    
   18.3750000      -0.00000000    
   18.6250000      -0.00000000    
   18.8750000      -0.00000000    
   19.1250000      -0.00000000    
   19.3750000      -0.00000000    
