 # Derivative distribution function -dV(r)/dr (or -dV(d)/dd) vs d
  0.125000000      -0.00000000    
  0.375000000      -0.00000000    
  0.625000000      -0.00000000    
  0.875000000      -0.00000000    
   1.12500000      -0.00000000    
   1.37500000      -0.00000000    
   1.62500000      -0.00000000    
   1.87500000      -0.00000000    
   2.12500000      -0.00000000    
   2.37500000       2.07066536E-04
   2.62500000       8.28027725E-04
   2.87500000       1.86312199E-03
   3.12500000       6.83164597E-03
   3.37500000       1.84246302E-02
   3.62500000       2.19439268E-02
   3.87500000       2.19438076E-02
   4.12500000       2.79474258E-02
   4.37500000       2.31860876E-02
   4.62500000       2.07017660E-02
   4.87500000       2.23579407E-02
   5.12500000       1.90455914E-02
   5.37500000       1.73894167E-02
   5.62500000       1.73895359E-02
   5.87500000       2.11158991E-02
   6.12500000       2.13228464E-02
   6.37500000       1.78035498E-02
   6.62500000       1.61473751E-02
   6.87500000       1.67684555E-02
   7.12500000       1.46982670E-02
   7.37500000       1.53192282E-02
   7.62500000       1.98737383E-02
   7.87500000       2.25650072E-02
   8.12500000       2.31859684E-02
   8.37500000       2.13228464E-02
   8.62500000       2.25650072E-02
   8.87500000       2.17368603E-02
   9.12500000       2.25648880E-02
   9.37500000       2.27719545E-02
   9.62500000       2.00808048E-02
   9.87500000       2.33930349E-02
   10.1250000       2.60841846E-02
   10.3750000       2.48421431E-02
   10.6250000       1.96667910E-02
   10.8750000       1.98737383E-02
   11.1250000       2.48421431E-02
   11.3750000      0.508849978    
   11.6250000      0.506779790    
   11.8750000       2.07018852E-02
   12.1250000       1.92526579E-02
   12.3750000       1.71824694E-02
   12.6250000       1.73895359E-02
   12.8750000       1.44912004E-02
   13.1250000       1.03509426E-02
   13.3750000       1.22140646E-02
   13.6250000       1.46982670E-02
   13.8750000       1.44913197E-02
   14.1250000       1.44912004E-02
   14.3750000       2.25648880E-02
   14.6250000      0.809854031    
   14.8750000       1.05661941    
   15.1250000      0.261463612    
   15.3750000      -0.00000000    
   15.6250000      -0.00000000    
   15.8750000      -0.00000000    
   16.1250000      -0.00000000    
   16.3750000      -0.00000000    
   16.6250000      -0.00000000    
   16.8750000      -0.00000000    
   17.1250000      -0.00000000    
   17.3750000      -0.00000000    
   17.6250000      -0.00000000    
   17.8750000      -0.00000000    
   18.1250000      -0.00000000    
   18.3750000      -0.00000000    
   18.6250000      -0.00000000    
   18.8750000      -0.00000000    
   19.1250000      -0.00000000    
   19.3750000      -0.00000000    
