 # Derivative distribution function -dV(r)/dr (or -dV(d)/dd) vs d
  0.125000000      -0.00000000    
  0.375000000      -0.00000000    
  0.625000000      -0.00000000    
  0.875000000      -0.00000000    
   1.12500000      -0.00000000    
   1.37500000      -0.00000000    
   1.62500000      -0.00000000    
   1.87500000      -0.00000000    
   2.12500000      -0.00000000    
   2.37500000       2.02178955E-04
   2.62500000       1.41537189E-03
   2.87500000       1.81984901E-03
   3.12500000       4.65071201E-03
   3.37500000       6.67273998E-03
   3.62500000       4.65071201E-03
   3.87500000       4.65071201E-03
   4.12500000       6.26838207E-03
   4.37500000       6.87491894E-03
   4.62500000       4.65071201E-03
   4.87500000       3.63969803E-03
   5.12500000       6.67262077E-03
   5.37500000       7.07709789E-03
   5.62500000       7.68375397E-03
   5.87500000       9.50360298E-03
   6.12500000       8.89706612E-03
   6.37500000       1.23344660E-02
   6.62500000       1.65807009E-02
   6.87500000       1.47608519E-02
   7.12500000       1.29410028E-02
   7.37500000       1.45586729E-02
   7.62500000       1.77940130E-02
   7.87500000       1.73895359E-02
   8.12500000       2.60843039E-02
   8.37500000       2.64887810E-02
   8.62500000       2.26469040E-02
   8.87500000       2.42644548E-02
   9.12500000       1.79960728E-02
   9.37500000       1.90072060E-02
   9.62500000       2.60843039E-02
   9.87500000       2.83085108E-02
   10.1250000       2.40622759E-02
   10.3750000       2.38600969E-02
   10.6250000       2.26469040E-02
   10.8750000       1.92093849E-02
   11.1250000       1.79961920E-02
   11.3750000       1.73895359E-02
   11.6250000       2.79041529E-02
   11.8750000       3.39703560E-02
   12.1250000       2.34556198E-02
   12.3750000       8.02749395E-02
   12.6250000       8.04772377E-02
   12.8750000       2.79041529E-02
   13.1250000       3.49812508E-02
   13.3750000       3.33636999E-02
   13.6250000       2.72976160E-02
   13.8750000       3.33636999E-02
   14.1250000       4.50913906E-02
   14.3750000      0.397937417    
   14.6250000      0.383581042    
   14.8750000       3.47791910E-02
   15.1250000       4.81245518E-02
   15.3750000       3.82164717E-02
   15.6250000       2.56799459E-02
   15.8750000       2.56799459E-02
   16.1250000      0.246891141    
   16.3750000      0.240420580    
   16.6250000       1.86027884E-02
   16.8750000       1.19300485E-02
   17.1250000       1.09189749E-02
   17.3750000       1.37498975E-02
   17.6250000       1.51653290E-02
   17.8750000       1.71872973E-02
   18.1250000       1.94115639E-02
   18.3750000       1.90072060E-02
   18.6250000       1.71873569E-02
   18.8750000       1.51652694E-02
   19.1250000       8.29035044E-03
   19.3750000       8.29041004E-03
