 # Derivative distribution function -dV(r)/dr (or -dV(d)/dd) vs d
  0.125000000      -0.00000000    
  0.375000000      -0.00000000    
  0.625000000      -0.00000000    
  0.875000000      -0.00000000    
   1.12500000      -0.00000000    
   1.37500000      -0.00000000    
   1.62500000      -0.00000000    
   1.87500000      -0.00000000    
   2.12500000      -0.00000000    
   2.37500000      -0.00000000    
   2.62500000       1.01161003E-03
   2.87500000       1.61862373E-03
   3.12500000       4.04655933E-03
   3.37500000       8.90231133E-03
   3.62500000       8.09311867E-03
   3.87500000       5.66518307E-03
   4.12500000       5.46276569E-03
   4.37500000       5.05816936E-03
   4.62500000       5.86748123E-03
   4.87500000       7.28380680E-03
   5.12500000       8.09311867E-03
   5.37500000       7.48610497E-03
   5.62500000       6.47437572E-03
   5.87500000       8.29541683E-03
   6.12500000       7.28380680E-03
   6.37500000       8.90231133E-03
   6.62500000       1.25442743E-02
   6.87500000       1.35558844E-02
   7.12500000       1.33535862E-02
   7.37500000       1.39605999E-02
   7.62500000       2.00302601E-02
   7.87500000       1.92209482E-02
   8.12500000       2.54932642E-02
   8.37500000       2.50885487E-02
   8.62500000       1.59838200E-02
   8.87500000       2.02326775E-02
   9.12500000       1.92209482E-02
   9.37500000       2.14467049E-02
   9.62500000       2.85280943E-02
   9.87500000       2.83256769E-02
   10.1250000       2.61001587E-02
   10.3750000       3.03490162E-02
   10.6250000       3.11583281E-02
   10.8750000       2.22560167E-02
   11.1250000       1.86140537E-02
   11.3750000       1.61861181E-02
   11.6250000       3.01467180E-02
   11.8750000       3.64187956E-02
   12.1250000       2.28629112E-02
   12.3750000       8.29539299E-02
   12.6250000       8.35609436E-02
   12.8750000       2.75164843E-02
   13.1250000       3.33839655E-02
   13.3750000       3.50024700E-02
   13.6250000       2.77186632E-02
   13.8750000       3.66212130E-02
   14.1250000       4.63328362E-02
   14.3750000      0.391704559    
   14.6250000      0.381183624    
   14.8750000       3.82398367E-02
   15.1250000       5.11887074E-02
   15.3750000       3.82397175E-02
   15.6250000       2.67071724E-02
   15.8750000       2.87303925E-02
   16.1250000      0.228426874    
   16.3750000      0.222357094    
   16.6250000       1.88163519E-02
   16.8750000       9.30702686E-03
   17.1250000       9.71168280E-03
   17.3750000       1.41628981E-02
   17.6250000       1.53768659E-02
   17.8750000       1.67931318E-02
   18.1250000       1.80070996E-02
   18.3750000       1.71977282E-02
   18.6250000       1.59838200E-02
   18.8750000       1.61861777E-02
   19.1250000       1.15326047E-02
   19.3750000       1.17349029E-02
