 # Derivative distribution function -dV(r)/dr (or -dV(d)/dd) vs d
  0.125000000      -0.00000000    
  0.375000000      -0.00000000    
  0.625000000      -0.00000000    
  0.875000000      -0.00000000    
   1.12500000      -0.00000000    
   1.37500000      -0.00000000    
   1.62500000      -0.00000000    
   1.87500000      -0.00000000    
   2.12500000      -0.00000000    
   2.37500000       4.38785553E-03
   2.62500000       7.93981552E-03
   2.87500000       5.22351265E-03
   3.12500000       5.85043430E-03
   3.37500000       1.10739470E-02
   3.62500000       1.94315910E-02
   3.87500000       2.90430784E-02
   4.12500000       3.32219601E-02
   4.37500000       3.09234858E-02
   4.62500000       2.69535780E-02
   4.87500000       2.19390392E-02
   5.12500000       2.23568678E-02
   5.37500000       2.56999731E-02
   5.62500000       2.59089470E-02
   5.87500000       2.90429592E-02
   6.12500000       3.57291698E-02
   6.37500000      0.153990865    
   6.62500000      0.161930680    
   6.87500000       4.76388931E-02
   7.12500000       3.86544466E-02
   7.37500000       4.30421829E-02
   7.62500000       5.34893274E-02
   7.87500000       5.11910915E-02
   8.12500000       4.82656956E-02
   8.37500000       4.97282743E-02
   8.62500000       4.32511568E-02
   8.87500000       3.65650654E-02
   9.12500000       3.21772099E-02
   9.37500000       2.90429592E-02
   9.62500000       4.15796041E-02
   9.87500000       4.63852882E-02
   10.1250000       4.17885780E-02
   10.3750000      0.384245753    
   10.6250000      0.375679016    
   10.8750000       2.44463086E-02
   11.1250000       2.11032629E-02
   11.3750000       1.85958743E-02
   11.6250000       1.73422098E-02
   11.8750000       2.04764009E-02
   12.1250000       2.00585127E-02
   12.3750000       1.92227364E-02
   12.6250000       1.85959339E-02
   12.8750000       2.00585127E-02
   13.1250000       2.44463086E-02
   13.3750000       1.92227364E-02
   13.6250000       1.92227364E-02
   13.8750000       2.36105323E-02
   14.1250000       1.65064335E-02
   14.3750000       1.27454996E-02
   14.6250000       1.19097829E-02
   14.8750000       1.14918351E-02
   15.1250000       1.33723021E-02
   15.3750000       1.71333551E-02
   15.6250000       1.52528286E-02
   15.8750000       1.19097233E-02
   16.1250000       8.56667757E-03
   16.3750000       7.93981552E-03
   16.6250000      0.604262412    
   16.8750000      0.793982446    
   17.1250000      0.195152521    
   17.3750000      -0.00000000    
   17.6250000      -0.00000000    
   17.8750000      -0.00000000    
   18.1250000      -0.00000000    
   18.3750000      -0.00000000    
   18.6250000      -0.00000000    
   18.8750000      -0.00000000    
   19.1250000      -0.00000000    
   19.3750000      -0.00000000    
