 # Derivative distribution function -dV(r)/dr (or -dV(d)/dd) vs d
  0.125000000      -0.00000000    
  0.375000000      -0.00000000    
  0.625000000      -0.00000000    
  0.875000000      -0.00000000    
   1.12500000      -0.00000000    
   1.37500000      -0.00000000    
   1.62500000      -0.00000000    
   1.87500000      -0.00000000    
   2.12500000      -0.00000000    
   2.37500000       3.13675404E-03
   2.62500000       7.94649124E-03
   2.87500000       6.90090656E-03
   3.12500000       9.61935520E-03
   3.37500000       1.67293549E-02
   3.62500000       2.09118128E-02
   3.87500000       2.55123377E-02
   4.12500000       3.09493542E-02
   4.37500000       3.26223373E-02
   4.62500000       2.71853209E-02
   4.87500000       2.53032446E-02
   5.12500000       2.94855833E-02
   5.37500000       3.03220749E-02
   5.62500000       3.19949389E-02
   5.87500000       3.34588289E-02
   6.12500000       3.57590914E-02
   6.37500000      0.148682475    
   6.62500000      0.162484288    
   6.87500000       5.62525988E-02
   7.12500000       4.18235064E-02
   7.37500000       4.01506424E-02
   7.62500000       4.64241505E-02
   7.87500000       4.57967520E-02
   8.12500000       4.64240313E-02
   8.37500000       4.43328619E-02
   8.62500000       3.86867523E-02
   8.87500000       3.51316929E-02
   9.12500000       2.84399986E-02
   9.37500000       2.96947956E-02
   9.62500000       4.26599979E-02
   9.87500000       4.49602604E-02
   10.1250000       4.20325994E-02
   10.3750000      0.365537405    
   10.6250000      0.353826880    
   10.8750000       2.17481852E-02
   11.1250000       1.84023380E-02
   11.3750000       1.73567533E-02
   11.6250000       1.67293549E-02
   11.8750000       1.84023380E-02
   12.1250000       1.98661685E-02
   12.3750000       1.81932449E-02
   12.6250000       1.90297365E-02
   12.8750000       2.02844143E-02
   13.1250000       2.69761086E-02
   13.3750000       2.19573379E-02
   13.6250000       1.73567533E-02
   13.8750000       1.79840922E-02
   14.1250000       1.31744146E-02
   14.3750000       1.73567533E-02
   14.6250000       1.50564909E-02
   14.8750000       1.23379230E-02
   15.1250000       1.15014315E-02
   15.3750000       1.23379230E-02
   15.6250000       1.27561688E-02
   15.8750000       1.08741522E-02
   16.1250000       8.99207592E-03
   16.3750000       6.69175386E-03
   16.6250000      0.617105842    
   16.8750000      0.819949806    
   17.1250000      0.206398994    
   17.3750000      -0.00000000    
   17.6250000      -0.00000000    
   17.8750000      -0.00000000    
   18.1250000      -0.00000000    
   18.3750000      -0.00000000    
   18.6250000      -0.00000000    
   18.8750000      -0.00000000    
   19.1250000      -0.00000000    
   19.3750000      -0.00000000    
