 # Cumulative accessible volume distribution as a function of probe diameter
 # 
 # d(probe)                Volume Fraction
 -0.125000000       1.00000000    
  0.125000000       1.00000000    
  0.375000000       1.00000000    
  0.625000000       1.00000000    
  0.875000000       1.00000000    
   1.12500000       1.00000000    
   1.37500000       1.00000000    
   1.62500000       1.00000000    
   1.87500000       1.00000000    
   2.12500000       1.00000000    
   2.37500000       1.00000000    
   2.62500000      0.998431623    
   2.87500000      0.996026754    
   3.12500000      0.994981170    
   3.37500000      0.991217077    
   3.62500000      0.986616492    
   3.87500000      0.980761170    
   4.12500000      0.973860323    
   4.37500000      0.965286493    
   4.62500000      0.957549155    
   4.87500000      0.951693833    
   5.12500000      0.944897532    
   5.37500000      0.936951041    
   5.62500000      0.929736495    
   5.87500000      0.920953572    
   6.12500000      0.913007081    
   6.37500000      0.903074026    
   6.62500000      0.838665843    
   6.87500000      0.821831882    
   7.12500000      0.810539544    
   7.37500000      0.800920129    
   7.62500000      0.790464222    
   7.87500000      0.777708054    
   8.12500000      0.767565846    
   8.37500000      0.754496038    
   8.62500000      0.745399415    
   8.87500000      0.735152662    
   9.12500000      0.727833569    
   9.37500000      0.720932662    
   9.62500000      0.712986171    
   9.87500000      0.699602664    
   10.1250000      0.690506041    
   10.3750000      0.678586364    
   10.6250000      0.507737339    
   10.8750000      0.501672924    
   11.1250000      0.496863246    
   11.3750000      0.492471755    
   11.6250000      0.488184869    
   11.8750000      0.484107077    
   12.1250000      0.478983700    
   12.3750000      0.474173993    
   12.6250000      0.469887078    
   12.8750000      0.464659125    
   13.1250000      0.459744871    
   13.3750000      0.451171070    
   13.6250000      0.448766202    
   13.8750000      0.442492694    
   14.1250000      0.439774156    
   14.3750000      0.435905486    
   14.6250000      0.431095779    
   14.8750000      0.428377241    
   15.1250000      0.424926817    
   15.3750000      0.422626525    
   15.6250000      0.418757856    
   15.8750000      0.416248441    
   16.1250000      0.413320780    
   16.3750000      0.411752403    
   16.6250000      0.409974903    
   16.8750000      0.103199497    
   17.1250000       0.00000000    
   17.3750000       0.00000000    
   17.6250000       0.00000000    
   17.8750000       0.00000000    
   18.1250000       0.00000000    
   18.3750000       0.00000000    
   18.6250000       0.00000000    
   18.8750000       0.00000000    
   19.1250000       0.00000000    
   19.3750000       0.00000000    
   19.6250000       0.00000000    
