 # Derivative distribution function -dV(r)/dr (or -dV(d)/dd) vs d
  0.125000000      -0.00000000    
  0.375000000      -0.00000000    
  0.625000000      -0.00000000    
  0.875000000      -0.00000000    
   1.12500000      -0.00000000    
   1.37500000      -0.00000000    
   1.62500000      -0.00000000    
   1.87500000      -0.00000000    
   2.12500000      -0.00000000    
   2.37500000       3.40938568E-03
   2.62500000       7.08103180E-03
   2.87500000       9.96589661E-03
   3.12500000       4.37974930E-02
   3.37500000       9.33648348E-02
   3.62500000      0.115919232    
   3.87500000      0.114870191    
   4.12500000      0.108313680    
   4.37500000      0.107264638    
   4.62500000      0.105166554    
   4.87500000       9.99212265E-02
   5.12500000      0.103330731    
   5.37500000      0.112509847    
   5.62500000       9.86100435E-02
   5.87500000       8.68083239E-02
   6.12500000       9.12666321E-02
   6.37500000      0.123000264    
   6.62500000      0.866247058    
   6.87500000       1.24888539    
   7.12500000      0.460267514    
   7.37500000      -0.00000000    
   7.62500000      -0.00000000    
   7.87500000      -0.00000000    
   8.12500000      -0.00000000    
   8.37500000      -0.00000000    
   8.62500000      -0.00000000    
   8.87500000      -0.00000000    
   9.12500000      -0.00000000    
   9.37500000      -0.00000000    
   9.62500000      -0.00000000    
   9.87500000      -0.00000000    
   10.1250000      -0.00000000    
   10.3750000      -0.00000000    
   10.6250000      -0.00000000    
   10.8750000      -0.00000000    
   11.1250000      -0.00000000    
   11.3750000      -0.00000000    
   11.6250000      -0.00000000    
   11.8750000      -0.00000000    
   12.1250000      -0.00000000    
   12.3750000      -0.00000000    
   12.6250000      -0.00000000    
   12.8750000      -0.00000000    
   13.1250000      -0.00000000    
   13.3750000      -0.00000000    
   13.6250000      -0.00000000    
   13.8750000      -0.00000000    
   14.1250000      -0.00000000    
   14.3750000      -0.00000000    
   14.6250000      -0.00000000    
   14.8750000      -0.00000000    
   15.1250000      -0.00000000    
   15.3750000      -0.00000000    
   15.6250000      -0.00000000    
   15.8750000      -0.00000000    
   16.1250000      -0.00000000    
   16.3750000      -0.00000000    
   16.6250000      -0.00000000    
   16.8750000      -0.00000000    
   17.1250000      -0.00000000    
   17.3750000      -0.00000000    
   17.6250000      -0.00000000    
   17.8750000      -0.00000000    
   18.1250000      -0.00000000    
   18.3750000      -0.00000000    
   18.6250000      -0.00000000    
   18.8750000      -0.00000000    
   19.1250000      -0.00000000    
   19.3750000      -0.00000000    
