 # Derivative distribution function -dV(r)/dr (or -dV(d)/dd) vs d
  0.125000000      -0.00000000    
  0.375000000      -0.00000000    
  0.625000000      -0.00000000    
  0.875000000      -0.00000000    
   1.12500000      -0.00000000    
   1.37500000      -0.00000000    
   1.62500000      -0.00000000    
   1.87500000      -0.00000000    
   2.12500000      -0.00000000    
   2.37500000      -0.00000000    
   2.62500000       2.28881836E-04
   2.87500000       1.83153152E-03
   3.12500000       6.41036034E-03
   3.37500000       8.92853737E-03
   3.62500000       1.12179518E-02
   3.87500000       1.35073662E-02
   4.12500000       1.03021860E-02
   4.37500000       8.92853737E-03
   4.62500000       8.69953632E-03
   4.87500000       1.09889507E-02
   5.12500000       1.37363672E-02
   5.37500000       1.48810148E-02
   5.62500000       2.01464891E-02
   5.87500000       2.12912560E-02
   6.12500000       1.94597244E-02
   6.37500000       2.51830816E-02
   6.62500000       2.74724960E-02
   6.87500000       2.72436142E-02
   7.12500000       3.11355591E-02
   7.37500000       3.29669714E-02
   7.62500000       3.57142687E-02
   7.87500000       3.34249735E-02
   8.12500000       3.04486752E-02
   8.37500000       3.29669714E-02
   8.62500000       3.98352146E-02
   8.87500000       3.75458002E-02
   9.12500000       3.13644409E-02
   9.37500000       2.88461447E-02
   9.62500000       2.22070217E-02
   9.87500000       2.06044912E-02
   10.1250000       2.17490196E-02
   10.3750000       2.10622549E-02
   10.6250000       2.33516693E-02
   10.8750000       2.54120827E-02
   11.1250000       2.51832008E-02
   11.3750000       2.65567303E-02
   11.6250000       2.67856121E-02
   11.8750000       2.44963169E-02
   12.1250000       2.01466084E-02
   12.3750000       2.10622549E-02
   12.6250000       2.47251987E-02
   12.8750000       2.22070217E-02
   13.1250000       2.12912560E-02
   13.3750000       2.10622549E-02
   13.6250000       2.08333731E-02
   13.8750000       2.19780207E-02
   14.1250000       1.71703100E-02
   14.3750000       1.51098967E-02
   14.6250000       1.60256624E-02
   14.8750000       1.67124271E-02
   15.1250000       1.55676603E-02
   15.3750000       1.48810148E-02
   15.6250000       1.73993111E-02
   15.8750000       1.46520138E-02
   16.1250000       1.19047165E-02
   16.3750000       1.23625994E-02
   16.6250000       1.44231319E-02
   16.8750000       1.53387785E-02
   17.1250000       1.32783651E-02
   17.3750000       1.39652491E-02
   17.6250000       1.37362480E-02
   17.8750000       1.51098967E-02
   18.1250000       1.57967806E-02
   18.3750000       1.62545443E-02
   18.6250000       2.12911367E-02
   18.8750000       2.47253180E-02
   19.1250000       2.54120827E-02
   19.3750000       2.26647854E-02
