 # Derivative distribution function -dV(r)/dr (or -dV(d)/dd) vs d
  0.125000000      -0.00000000    
  0.375000000      -0.00000000    
  0.625000000      -0.00000000    
  0.875000000      -0.00000000    
   1.12500000      -0.00000000    
   1.37500000      -0.00000000    
   1.62500000      -0.00000000    
   1.87500000      -0.00000000    
   2.12500000      -0.00000000    
   2.37500000       1.72209740E-03
   2.62500000       4.73570824E-03
   2.87500000       6.02734089E-03
   3.12500000       1.42073631E-02
   3.37500000       2.43246555E-02
   3.62500000       2.71229744E-02
   3.87500000       3.01367044E-02
   4.12500000       2.73382664E-02
   4.37500000       5.74749708E-02
   4.62500000       5.61834574E-02
   4.87500000       3.85318995E-02
   5.12500000       3.72403860E-02
   5.37500000       1.74361467E-02
   5.62500000       1.89430714E-02
   5.87500000       2.04499960E-02
   6.12500000       2.00192928E-02
   6.37500000       2.30330229E-02
   6.62500000       2.43246555E-02
   6.87500000       3.03518772E-02
   7.12500000       3.78861427E-02
   7.37500000       3.61640453E-02
   7.62500000       3.20739746E-02
   7.87500000       2.90603638E-02
   8.12500000       3.12130451E-02
   8.37500000       3.33656073E-02
   8.62500000       4.13303375E-02
   8.87500000       4.17609215E-02
   9.12500000       3.61640453E-02
   9.37500000       3.20739746E-02
   9.62500000       2.71229744E-02
   9.87500000       2.38941908E-02
   10.1250000       2.38940716E-02
   10.3750000       2.45398283E-02
   10.6250000       2.08804607E-02
   10.8750000       2.08804607E-02
   11.1250000       2.34636068E-02
   11.3750000       2.30330229E-02
   11.6250000       2.23872662E-02
   11.8750000       2.36787796E-02
   12.1250000       2.32483149E-02
   12.3750000       2.26025581E-02
   12.6250000       2.28177309E-02
   12.8750000       2.54008770E-02
   13.1250000       2.38940716E-02
   13.3750000       1.89430714E-02
   13.6250000       2.08804607E-02
   13.8750000       1.98041201E-02
   14.1250000       1.44225359E-02
   14.3750000       1.59294605E-02
   14.6250000       1.46378279E-02
   14.8750000       1.31309032E-02
   15.1250000       1.42072439E-02
   15.3750000       1.37767792E-02
   15.6250000       1.54988766E-02
   15.8750000       1.42073631E-02
   16.1250000       1.27005577E-02
   16.3750000       1.16240978E-02
   16.6250000       1.11935139E-02
   16.8750000       1.24852657E-02
   17.1250000       1.07631683E-02
   17.3750000       1.01172924E-02
   17.6250000       1.27004385E-02
   17.8750000       1.37767792E-02
   18.1250000       1.33463144E-02
   18.3750000       1.39920712E-02
   18.6250000       1.54988766E-02
   18.8750000       2.15260983E-02
   19.1250000       2.47551203E-02
   19.3750000       2.26025581E-02
