 # Derivative distribution function -dV(r)/dr (or -dV(d)/dd) vs d
  0.125000000      -0.00000000    
  0.375000000      -0.00000000    
  0.625000000      -0.00000000    
  0.875000000      -0.00000000    
   1.12500000      -0.00000000    
   1.37500000      -0.00000000    
   1.62500000      -0.00000000    
   1.87500000      -0.00000000    
   2.12500000      -0.00000000    
   2.37500000       5.98549843E-03
   2.62500000       6.19196892E-03
   2.87500000       4.12797928E-03
   3.12500000       7.84313679E-03
   3.37500000       1.15582943E-02
   3.62500000       1.81630850E-02
   3.87500000       2.43550539E-02
   4.12500000       2.86892653E-02
   4.37500000       2.35294104E-02
   4.62500000       2.18782425E-02
   4.87500000       2.31165886E-02
   5.12500000       1.89887285E-02
   5.37500000       2.00207233E-02
   5.62500000       2.10525990E-02
   5.87500000       1.89886093E-02
   6.12500000       1.71310902E-02
   6.37500000       1.46542788E-02
   6.62500000       1.65117979E-02
   6.87500000       1.81630850E-02
   7.12500000       1.42415762E-02
   7.37500000       1.77502632E-02
   7.62500000       2.22909451E-02
   7.87500000       2.02269554E-02
   8.12500000       1.71310902E-02
   8.37500000       1.98142529E-02
   8.62500000       2.57997513E-02
   8.87500000       2.47678757E-02
   9.12500000       2.41485834E-02
   9.37500000       2.24974155E-02
   9.62500000       1.91950798E-02
   9.87500000       2.04334259E-02
   10.1250000       2.29102373E-02
   10.3750000       2.37357616E-02
   10.6250000       2.04334259E-02
   10.8750000       2.06398964E-02
   11.1250000       2.41485834E-02
   11.3750000      0.523426175    
   11.6250000      0.520949483    
   11.8750000       2.04334259E-02
   12.1250000       2.06397772E-02
   12.3750000       1.85759068E-02
   12.6250000       1.77502632E-02
   12.8750000       1.50669813E-02
   13.1250000       1.09391212E-02
   13.3750000       1.23839378E-02
   13.6250000       1.54799223E-02
   13.8750000       1.36222839E-02
   14.1250000       1.36222839E-02
   14.3750000       2.66253948E-02
   14.6250000      0.776677012    
   14.8750000       1.03550053    
   15.1250000      0.277192980    
   15.3750000      -0.00000000    
   15.6250000      -0.00000000    
   15.8750000      -0.00000000    
   16.1250000      -0.00000000    
   16.3750000      -0.00000000    
   16.6250000      -0.00000000    
   16.8750000      -0.00000000    
   17.1250000      -0.00000000    
   17.3750000      -0.00000000    
   17.6250000      -0.00000000    
   17.8750000      -0.00000000    
   18.1250000      -0.00000000    
   18.3750000      -0.00000000    
   18.6250000      -0.00000000    
   18.8750000      -0.00000000    
   19.1250000      -0.00000000    
   19.3750000      -0.00000000    
