 # Derivative distribution function -dV(r)/dr (or -dV(d)/dd) vs d
  0.125000000      -0.00000000    
  0.375000000      -0.00000000    
  0.625000000      -0.00000000    
  0.875000000      -0.00000000    
   1.12500000      -0.00000000    
   1.37500000      -0.00000000    
   1.62500000      -0.00000000    
   1.87500000      -0.00000000    
   2.12500000      -0.00000000    
   2.37500000      -0.00000000    
   2.62500000      -0.00000000    
   2.87500000      -0.00000000    
   3.12500000       2.21353769E-02
   3.37500000       4.79166508E-02
   3.62500000       4.66146469E-02
   3.87500000       4.71354723E-02
   4.12500000       5.54686785E-02
   4.37500000       6.17187023E-02
   4.62500000       7.50000477E-02
   4.87500000       8.88020992E-02
   5.12500000      0.114062548    
   5.37500000      0.164843798    
   5.62500000      0.397916675    
   5.87500000      0.370572805    
   6.12500000      0.128385305    
   6.37500000      0.108333349    
   6.62500000       9.29688215E-02
   6.87500000       7.42187500E-02
   7.12500000       6.82291389E-02
   7.37500000       7.34375119E-02
   7.62500000       8.93229246E-02
   7.87500000      0.963020861    
   8.12500000      0.909895837    
   8.37500000      -0.00000000    
   8.62500000      -0.00000000    
   8.87500000      -0.00000000    
   9.12500000      -0.00000000    
   9.37500000      -0.00000000    
   9.62500000      -0.00000000    
   9.87500000      -0.00000000    
   10.1250000      -0.00000000    
   10.3750000      -0.00000000    
   10.6250000      -0.00000000    
   10.8750000      -0.00000000    
   11.1250000      -0.00000000    
   11.3750000      -0.00000000    
   11.6250000      -0.00000000    
   11.8750000      -0.00000000    
   12.1250000      -0.00000000    
   12.3750000      -0.00000000    
   12.6250000      -0.00000000    
   12.8750000      -0.00000000    
   13.1250000      -0.00000000    
   13.3750000      -0.00000000    
   13.6250000      -0.00000000    
   13.8750000      -0.00000000    
   14.1250000      -0.00000000    
   14.3750000      -0.00000000    
   14.6250000      -0.00000000    
   14.8750000      -0.00000000    
   15.1250000      -0.00000000    
   15.3750000      -0.00000000    
   15.6250000      -0.00000000    
   15.8750000      -0.00000000    
   16.1250000      -0.00000000    
   16.3750000      -0.00000000    
   16.6250000      -0.00000000    
   16.8750000      -0.00000000    
   17.1250000      -0.00000000    
   17.3750000      -0.00000000    
   17.6250000      -0.00000000    
   17.8750000      -0.00000000    
   18.1250000      -0.00000000    
   18.3750000      -0.00000000    
   18.6250000      -0.00000000    
   18.8750000      -0.00000000    
   19.1250000      -0.00000000    
   19.3750000      -0.00000000    
