 # Derivative distribution function -dV(r)/dr (or -dV(d)/dd) vs d
  0.125000000      -0.00000000    
  0.375000000      -0.00000000    
  0.625000000      -0.00000000    
  0.875000000      -0.00000000    
   1.12500000      -0.00000000    
   1.37500000      -0.00000000    
   1.62500000      -0.00000000    
   1.87500000      -0.00000000    
   2.12500000      -0.00000000    
   2.37500000      -0.00000000    
   2.62500000       1.92415714E-03
   2.87500000       4.06205654E-03
   3.12500000       8.33773613E-03
   3.37500000       1.58203840E-02
   3.62500000       1.81721449E-02
   3.87500000       1.66755915E-02
   4.12500000       1.58203840E-02
   4.37500000       1.85996294E-02
   4.62500000       2.15927362E-02
   4.87500000       2.03100443E-02
   5.12500000       2.15927362E-02
   5.37500000       2.24478245E-02
   5.62500000       1.96685791E-02
   5.87500000       1.79582834E-02
   6.12500000       1.53928995E-02
   6.37500000       1.34687424E-02
   6.62500000       1.38962269E-02
   6.87500000       1.21860504E-02
   7.12500000       1.11171007E-02
   7.37500000       1.45376921E-02
   7.62500000       1.92410946E-02
   7.87500000       1.81720257E-02
   8.12500000       1.60341263E-02
   8.37500000       1.34687424E-02
   8.62500000       1.49652958E-02
   8.87500000       2.00963020E-02
   9.12500000       2.00961828E-02
   9.37500000       2.00961828E-02
   9.62500000       2.54409313E-02
   9.87500000       2.80064344E-02
   10.1250000       2.52271891E-02
   10.3750000       2.52270699E-02
   10.6250000       5.64403534E-02
   10.8750000       9.79155302E-02
   11.1250000       8.14538002E-02
   11.3750000       1.62095141    
   11.6250000       1.59358633    
   11.8750000      -0.00000000    
   12.1250000      -0.00000000    
   12.3750000      -0.00000000    
   12.6250000      -0.00000000    
   12.8750000      -0.00000000    
   13.1250000      -0.00000000    
   13.3750000      -0.00000000    
   13.6250000      -0.00000000    
   13.8750000      -0.00000000    
   14.1250000      -0.00000000    
   14.3750000      -0.00000000    
   14.6250000      -0.00000000    
   14.8750000      -0.00000000    
   15.1250000      -0.00000000    
   15.3750000      -0.00000000    
   15.6250000      -0.00000000    
   15.8750000      -0.00000000    
   16.1250000      -0.00000000    
   16.3750000      -0.00000000    
   16.6250000      -0.00000000    
   16.8750000      -0.00000000    
   17.1250000      -0.00000000    
   17.3750000      -0.00000000    
   17.6250000      -0.00000000    
   17.8750000      -0.00000000    
   18.1250000      -0.00000000    
   18.3750000      -0.00000000    
   18.6250000      -0.00000000    
   18.8750000      -0.00000000    
   19.1250000      -0.00000000    
   19.3750000      -0.00000000    
