 # Cumulative accessible volume distribution as a function of probe diameter
 # 
 # d(probe)                Volume Fraction
 -0.125000000       1.00000000    
  0.125000000       1.00000000    
  0.375000000       1.00000000    
  0.625000000       1.00000000    
  0.875000000       1.00000000    
   1.12500000       1.00000000    
   1.37500000       1.00000000    
   1.62500000       1.00000000    
   1.87500000       1.00000000    
   2.12500000       1.00000000    
   2.37500000       1.00000000    
   2.62500000       1.00000000    
   2.87500000      0.999037921    
   3.12500000      0.997968972    
   3.37500000      0.994869053    
   3.62500000      0.990058780    
   3.87500000      0.985782981    
   4.12500000      0.981720984    
   4.37500000      0.977872789    
   4.62500000      0.972421169    
   4.87500000      0.967076421    
   5.12500000      0.962266147    
   5.37500000      0.956280053    
   5.62500000      0.951042235    
   5.87500000      0.946445763    
   6.12500000      0.942063093    
   6.37500000      0.938749313    
   6.62500000      0.935328722    
   6.87500000      0.931801200    
   7.12500000      0.929235697    
   7.37500000      0.926242650    
   7.62500000      0.921966851    
   7.87500000      0.916622102    
   8.12500000      0.912880838    
   8.37500000      0.908605039    
   8.62500000      0.906146467    
   8.87500000      0.901122391    
   9.12500000      0.896098316    
   9.37500000      0.891074300    
   9.62500000      0.886050224    
   9.87500000      0.878353834    
   10.1250000      0.872047007    
   10.3750000      0.865740240    
   10.6250000      0.859433472    
   10.8750000      0.837520063    
   11.1250000      0.810475707    
   11.3750000      0.796793163    
   11.6250000       0.00000000    
   11.8750000       0.00000000    
   12.1250000       0.00000000    
   12.3750000       0.00000000    
   12.6250000       0.00000000    
   12.8750000       0.00000000    
   13.1250000       0.00000000    
   13.3750000       0.00000000    
   13.6250000       0.00000000    
   13.8750000       0.00000000    
   14.1250000       0.00000000    
   14.3750000       0.00000000    
   14.6250000       0.00000000    
   14.8750000       0.00000000    
   15.1250000       0.00000000    
   15.3750000       0.00000000    
   15.6250000       0.00000000    
   15.8750000       0.00000000    
   16.1250000       0.00000000    
   16.3750000       0.00000000    
   16.6250000       0.00000000    
   16.8750000       0.00000000    
   17.1250000       0.00000000    
   17.3750000       0.00000000    
   17.6250000       0.00000000    
   17.8750000       0.00000000    
   18.1250000       0.00000000    
   18.3750000       0.00000000    
   18.6250000       0.00000000    
   18.8750000       0.00000000    
   19.1250000       0.00000000    
   19.3750000       0.00000000    
   19.6250000       0.00000000    
