 # Cumulative accessible volume distribution as a function of probe diameter
 # 
 # d(probe)                Volume Fraction
 -0.125000000       1.00000000    
  0.125000000       1.00000000    
  0.375000000       1.00000000    
  0.625000000       1.00000000    
  0.875000000       1.00000000    
   1.12500000       1.00000000    
   1.37500000       1.00000000    
   1.62500000       1.00000000    
   1.87500000       1.00000000    
   2.12500000       1.00000000    
   2.37500000       1.00000000    
   2.62500000      0.999893606    
   2.87500000      0.999787152    
   3.12500000      0.998616576    
   3.37500000      0.996062577    
   3.62500000      0.989784002    
   3.87500000      0.984995186    
   4.12500000      0.979887187    
   4.37500000      0.976375461    
   4.62500000      0.971054614    
   4.87500000      0.966478646    
   5.12500000      0.962754071    
   5.37500000      0.957433224    
   5.62500000      0.953602195    
   5.87500000      0.949132681    
   6.12500000      0.944769621    
   6.37500000      0.938703835    
   6.62500000      0.934660017    
   6.87500000      0.930935383    
   7.12500000      0.927742898    
   7.37500000      0.924976051    
   7.62500000      0.920506537    
   7.87500000      0.916781962    
   8.12500000      0.912844539    
   8.37500000      0.909864843    
   8.62500000      0.905608177    
   8.87500000      0.900074482    
   9.12500000      0.895924211    
   9.37500000      0.891773999    
   9.62500000      0.886453152    
   9.87500000      0.879429579    
   10.1250000      0.872938156    
   10.3750000      0.867510915    
   10.6250000      0.861338735    
   10.8750000      0.840800226    
   11.1250000      0.817282140    
   11.3750000      0.802383721    
   11.6250000       0.00000000    
   11.8750000       0.00000000    
   12.1250000       0.00000000    
   12.3750000       0.00000000    
   12.6250000       0.00000000    
   12.8750000       0.00000000    
   13.1250000       0.00000000    
   13.3750000       0.00000000    
   13.6250000       0.00000000    
   13.8750000       0.00000000    
   14.1250000       0.00000000    
   14.3750000       0.00000000    
   14.6250000       0.00000000    
   14.8750000       0.00000000    
   15.1250000       0.00000000    
   15.3750000       0.00000000    
   15.6250000       0.00000000    
   15.8750000       0.00000000    
   16.1250000       0.00000000    
   16.3750000       0.00000000    
   16.6250000       0.00000000    
   16.8750000       0.00000000    
   17.1250000       0.00000000    
   17.3750000       0.00000000    
   17.6250000       0.00000000    
   17.8750000       0.00000000    
   18.1250000       0.00000000    
   18.3750000       0.00000000    
   18.6250000       0.00000000    
   18.8750000       0.00000000    
   19.1250000       0.00000000    
   19.3750000       0.00000000    
   19.6250000       0.00000000    
