 # Derivative distribution function -dV(r)/dr (or -dV(d)/dd) vs d
  0.125000000      -0.00000000    
  0.375000000      -0.00000000    
  0.625000000      -0.00000000    
  0.875000000      -0.00000000    
   1.12500000      -0.00000000    
   1.37500000      -0.00000000    
   1.62500000      -0.00000000    
   1.87500000      -0.00000000    
   2.12500000      -0.00000000    
   2.37500000       2.12788582E-04
   2.62500000       4.25696373E-04
   2.87500000       2.55405903E-03
   3.12500000       7.44915009E-03
   3.37500000       1.76651478E-02
   3.62500000       2.21347809E-02
   3.87500000       1.97936296E-02
   4.12500000       1.72394514E-02
   4.37500000       1.76651478E-02
   4.62500000       1.97936296E-02
   4.87500000       1.66010857E-02
   5.12500000       1.80908442E-02
   5.37500000       1.83037519E-02
   5.62500000       1.66010857E-02
   5.87500000       1.76651478E-02
   6.12500000       2.08576918E-02
   6.37500000       2.02192068E-02
   6.62500000       1.55369043E-02
   6.87500000       1.38342381E-02
   7.12500000       1.19186640E-02
   7.37500000       1.44727230E-02
   7.62500000       1.63881779E-02
   7.87500000       1.53239965E-02
   8.12500000       1.38342381E-02
   8.37500000       1.44727230E-02
   8.62500000       1.95807219E-02
   8.87500000       1.93679333E-02
   9.12500000       1.66009665E-02
   9.37500000       1.89421177E-02
   9.62500000       2.46888399E-02
   9.87500000       2.70299911E-02
   10.1250000       2.38373280E-02
   10.3750000       2.31988430E-02
   10.6250000       5.34213781E-02
   10.8750000       8.81131887E-02
   11.1250000       7.68330097E-02
   11.3750000       1.63456428    
   11.6250000       1.60476744    
   11.8750000      -0.00000000    
   12.1250000      -0.00000000    
   12.3750000      -0.00000000    
   12.6250000      -0.00000000    
   12.8750000      -0.00000000    
   13.1250000      -0.00000000    
   13.3750000      -0.00000000    
   13.6250000      -0.00000000    
   13.8750000      -0.00000000    
   14.1250000      -0.00000000    
   14.3750000      -0.00000000    
   14.6250000      -0.00000000    
   14.8750000      -0.00000000    
   15.1250000      -0.00000000    
   15.3750000      -0.00000000    
   15.6250000      -0.00000000    
   15.8750000      -0.00000000    
   16.1250000      -0.00000000    
   16.3750000      -0.00000000    
   16.6250000      -0.00000000    
   16.8750000      -0.00000000    
   17.1250000      -0.00000000    
   17.3750000      -0.00000000    
   17.6250000      -0.00000000    
   17.8750000      -0.00000000    
   18.1250000      -0.00000000    
   18.3750000      -0.00000000    
   18.6250000      -0.00000000    
   18.8750000      -0.00000000    
   19.1250000      -0.00000000    
   19.3750000      -0.00000000    
