 # Derivative distribution function -dV(r)/dr (or -dV(d)/dd) vs d
  0.125000000      -0.00000000    
  0.375000000      -0.00000000    
  0.625000000      -0.00000000    
  0.875000000      -0.00000000    
   1.12500000      -0.00000000    
   1.37500000      -0.00000000    
   1.62500000      -0.00000000    
   1.87500000      -0.00000000    
   2.12500000      -0.00000000    
   2.37500000      -0.00000000    
   2.62500000      -0.00000000    
   2.87500000      -0.00000000    
   3.12500000       5.96511364E-03
   3.37500000       1.44865513E-02
   3.62500000       2.24399567E-02
   3.87500000       2.41442919E-02
   4.12500000       3.20976973E-02
   4.37500000       4.37438488E-02
   4.62500000       3.80628109E-02
   4.87500000       4.48799133E-02
   5.12500000       6.05027676E-02
   5.37500000       5.48218489E-02
   5.62500000       5.62419891E-02
   5.87500000       5.68100214E-02
   6.12500000       4.43118811E-02
   6.37500000       5.65260649E-02
   6.62500000       6.44794703E-02
   6.87500000       8.06703568E-02
   7.12500000       9.57250595E-02
   7.37500000      0.229512930    
   7.62500000      0.302513838    
   7.87500000      0.183780670    
   8.12500000      0.124414086    
   8.37500000      0.133787870    
   8.62500000      0.126970649    
   8.87500000       8.12383890E-02
   9.12500000       6.50475621E-02
   9.37500000      0.348530054    
   9.62500000      0.433177114    
   9.87500000      0.127822757    
   10.1250000       1.56227946E-02
   10.3750000       1.27822757E-02
   10.6250000       1.24982297E-02
   10.8750000       8.80557299E-03
   11.1250000       8.52149725E-03
   11.3750000       7.38531351E-03
   11.6250000       1.19301379E-02
   11.8750000       1.24982297E-02
   12.1250000       7.95340538E-03
   12.3750000       9.08961892E-03
   12.6250000       3.12456489E-03
   12.8750000       9.37366486E-03
   13.1250000       1.16460621E-02
   13.3750000       9.37366486E-03
   13.6250000       1.67590082E-02
   13.8750000       1.02258325E-02
   14.1250000      0.211049557    
   14.3750000      0.382900149    
   14.6250000      0.172134638    
   14.8750000       5.68101108E-02
   15.1250000       5.68101108E-02
   15.3750000      -0.00000000    
   15.6250000      -0.00000000    
   15.8750000      -0.00000000    
   16.1250000      -0.00000000    
   16.3750000      -0.00000000    
   16.6250000      -0.00000000    
   16.8750000      -0.00000000    
   17.1250000      -0.00000000    
   17.3750000      -0.00000000    
   17.6250000      -0.00000000    
   17.8750000      -0.00000000    
   18.1250000      -0.00000000    
   18.3750000      -0.00000000    
   18.6250000      -0.00000000    
   18.8750000      -0.00000000    
   19.1250000      -0.00000000    
   19.3750000      -0.00000000    
