 # Derivative distribution function -dV(r)/dr (or -dV(d)/dd) vs d
  0.125000000      -0.00000000    
  0.375000000      -0.00000000    
  0.625000000      -0.00000000    
  0.875000000      -0.00000000    
   1.12500000      -0.00000000    
   1.37500000      -0.00000000    
   1.62500000      -0.00000000    
   1.87500000      -0.00000000    
   2.12500000      -0.00000000    
   2.37500000      -0.00000000    
   2.62500000      -0.00000000    
   2.87500000      -0.00000000    
   3.12500000       1.07318163E-02
   3.37500000       2.42036581E-02
   3.62500000       3.37938070E-02
   3.87500000       3.37938070E-02
   4.12500000       4.58956957E-02
   4.37500000       6.09658957E-02
   4.62500000       5.29741049E-02
   4.87500000       5.61708212E-02
   5.12500000       6.62175417E-02
   5.37500000       6.71309233E-02
   5.62500000      0.141111970    
   5.87500000      0.202762842    
   6.12500000      0.116680026    
   6.37500000       5.22891283E-02
   6.62500000       5.91391325E-02
   6.87500000       6.57608509E-02
   7.12500000       6.94143772E-02
   7.37500000      0.178787589    
   7.62500000      0.243406773    
   7.87500000      0.149103761    
   8.12500000      0.102979779    
   8.37500000      0.115081668    
   8.62500000      0.105948150    
   8.87500000       6.82725906E-02
   9.12500000       5.82258105E-02
   9.37500000      0.294097543    
   9.62500000      0.455759823    
   9.87500000      0.201392829    
   10.1250000       1.55268908E-02
   10.3750000       1.34718418E-02
   10.6250000       1.32434964E-02
   10.8750000       1.21018589E-02
   11.1250000       1.27868652E-02
   11.3750000       8.44845176E-03
   11.6250000       7.76344538E-03
   11.8750000       1.00468099E-02
   12.1250000       6.39340281E-03
   12.3750000       7.99176097E-03
   12.6250000       4.33841348E-03
   12.8750000       5.48008084E-03
   13.1250000       6.85009360E-03
   13.3750000       1.02751553E-02
   13.6250000       1.41568780E-02
   13.8750000       5.70842624E-03
   14.1250000      0.178330854    
   14.3750000      0.310081035    
   14.6250000      0.131750196    
   14.8750000       4.65806611E-02
   15.1250000       4.65806611E-02
   15.3750000      -0.00000000    
   15.6250000      -0.00000000    
   15.8750000      -0.00000000    
   16.1250000      -0.00000000    
   16.3750000      -0.00000000    
   16.6250000      -0.00000000    
   16.8750000      -0.00000000    
   17.1250000      -0.00000000    
   17.3750000      -0.00000000    
   17.6250000      -0.00000000    
   17.8750000      -0.00000000    
   18.1250000      -0.00000000    
   18.3750000      -0.00000000    
   18.6250000      -0.00000000    
   18.8750000      -0.00000000    
   19.1250000      -0.00000000    
   19.3750000      -0.00000000    
