 # Derivative distribution function -dV(r)/dr (or -dV(d)/dd) vs d
  0.125000000      -0.00000000    
  0.375000000      -0.00000000    
  0.625000000      -0.00000000    
  0.875000000      -0.00000000    
   1.12500000      -0.00000000    
   1.37500000      -0.00000000    
   1.62500000      -0.00000000    
   1.87500000      -0.00000000    
   2.12500000      -0.00000000    
   2.37500000      -0.00000000    
   2.62500000       2.02417374E-04
   2.87500000       8.09550285E-04
   3.12500000       4.04775143E-03
   3.37500000       6.67881966E-03
   3.62500000       6.27398491E-03
   3.87500000       6.67881966E-03
   4.12500000       8.50033760E-03
   4.37500000       9.30988789E-03
   4.62500000       9.10747051E-03
   4.87500000       8.50021839E-03
   5.12500000       7.08353519E-03
   5.37500000       6.67881966E-03
   5.62500000       7.08365440E-03
   5.87500000       6.07168674E-03
   6.12500000       6.07156754E-03
   6.37500000       6.27398491E-03
   6.62500000       5.86926937E-03
   6.87500000       6.07168674E-03
   7.12500000       5.46455383E-03
   7.37500000       5.86926937E-03
   7.62500000       6.88111782E-03
   7.87500000       7.48836994E-03
   8.12500000       6.07168674E-03
   8.37500000       7.28595257E-03
   8.62500000       7.69078732E-03
   8.87500000       5.26213646E-03
   9.12500000       5.86926937E-03
   9.37500000       6.88111782E-03
   9.62500000       8.09550285E-03
   9.87500000       6.67881966E-03
   10.1250000       5.05971909E-03
   10.3750000       7.28595257E-03
   10.6250000       1.11312866E-02
   10.8750000       1.15361214E-02
   11.1250000       1.03218555E-02
   11.3750000       1.27505064E-02
   11.6250000       1.57862902E-02
   11.8750000       2.10484266E-02
   12.1250000       2.32746601E-02
   12.3750000       2.28698254E-02
   12.6250000       2.55008936E-02
   12.8750000       3.03581953E-02
   13.1250000       5.01922369E-02
   13.3750000       9.55272913E-02
   13.6250000      0.252580404    
   13.8750000      0.354381680    
   14.1250000      0.258247375    
   14.3750000      0.228293777    
   14.6250000      0.411859930    
   14.8750000       1.11940908    
   15.1250000      0.841732442    
   15.3750000      -0.00000000    
   15.6250000      -0.00000000    
   15.8750000      -0.00000000    
   16.1250000      -0.00000000    
   16.3750000      -0.00000000    
   16.6250000      -0.00000000    
   16.8750000      -0.00000000    
   17.1250000      -0.00000000    
   17.3750000      -0.00000000    
   17.6250000      -0.00000000    
   17.8750000      -0.00000000    
   18.1250000      -0.00000000    
   18.3750000      -0.00000000    
   18.6250000      -0.00000000    
   18.8750000      -0.00000000    
   19.1250000      -0.00000000    
   19.3750000      -0.00000000    
