 # Derivative distribution function -dV(r)/dr (or -dV(d)/dd) vs d
  0.125000000      -0.00000000    
  0.375000000      -0.00000000    
  0.625000000      -0.00000000    
  0.875000000      -0.00000000    
   1.12500000      -0.00000000    
   1.37500000      -0.00000000    
   1.62500000      -0.00000000    
   1.87500000      -0.00000000    
   2.12500000      -0.00000000    
   2.37500000      -0.00000000    
   2.62500000       4.11033630E-04
   2.87500000       1.23310089E-03
   3.12500000       3.69906425E-03
   3.37500000       8.42571259E-03
   3.62500000       1.25360489E-02
   3.87500000       1.50021315E-02
   4.12500000       1.19193792E-02
   4.37500000       1.33579969E-02
   4.62500000       1.68516636E-02
   4.87500000       1.43854618E-02
   5.12500000       1.31524801E-02
   5.37500000       1.33579969E-02
   5.62500000       1.70571804E-02
   5.87500000       1.87011957E-02
   6.12500000       1.47964954E-02
   6.37500000       1.58240795E-02
   6.62500000       1.72626972E-02
   6.87500000       1.43855810E-02
   7.12500000       1.58240795E-02
   7.37500000       2.03452110E-02
   7.62500000       2.07562447E-02
   7.87500000       2.01398134E-02
   8.12500000       2.15783119E-02
   8.37500000       2.67159939E-02
   8.62500000       3.37032080E-02
   8.87500000       3.94574404E-02
   9.12500000      0.101109743    
   9.37500000      0.122071505    
   9.62500000       8.83682966E-02
   9.87500000      0.289971232    
   10.1250000      0.300657630    
   10.3750000      0.578092873    
   10.6250000       1.31031644    
   10.8750000      0.788532674    
   11.1250000      -0.00000000    
   11.3750000      -0.00000000    
   11.6250000      -0.00000000    
   11.8750000      -0.00000000    
   12.1250000      -0.00000000    
   12.3750000      -0.00000000    
   12.6250000      -0.00000000    
   12.8750000      -0.00000000    
   13.1250000      -0.00000000    
   13.3750000      -0.00000000    
   13.6250000      -0.00000000    
   13.8750000      -0.00000000    
   14.1250000      -0.00000000    
   14.3750000      -0.00000000    
   14.6250000      -0.00000000    
   14.8750000      -0.00000000    
   15.1250000      -0.00000000    
   15.3750000      -0.00000000    
   15.6250000      -0.00000000    
   15.8750000      -0.00000000    
   16.1250000      -0.00000000    
   16.3750000      -0.00000000    
   16.6250000      -0.00000000    
   16.8750000      -0.00000000    
   17.1250000      -0.00000000    
   17.3750000      -0.00000000    
   17.6250000      -0.00000000    
   17.8750000      -0.00000000    
   18.1250000      -0.00000000    
   18.3750000      -0.00000000    
   18.6250000      -0.00000000    
   18.8750000      -0.00000000    
   19.1250000      -0.00000000    
   19.3750000      -0.00000000    
