 # Derivative distribution function -dV(r)/dr (or -dV(d)/dd) vs d
  0.125000000      -0.00000000    
  0.375000000      -0.00000000    
  0.625000000      -0.00000000    
  0.875000000      -0.00000000    
   1.12500000      -0.00000000    
   1.37500000      -0.00000000    
   1.62500000      -0.00000000    
   1.87500000      -0.00000000    
   2.12500000      -0.00000000    
   2.37500000      -0.00000000    
   2.62500000       2.05278397E-04
   2.87500000       6.15835190E-04
   3.12500000       5.74827194E-03
   3.37500000       1.14966631E-02
   3.62500000       1.19072199E-02
   3.87500000       9.03308392E-03
   4.12500000       1.04701519E-02
   4.37500000       1.82713270E-02
   4.62500000       1.64237022E-02
   4.87500000       1.27284527E-02
   5.12500000       1.70396566E-02
   5.37500000       1.64237022E-02
   5.62500000       1.45760775E-02
   5.87500000       1.39602423E-02
   6.12500000       1.41655207E-02
   6.37500000       1.39601231E-02
   6.62500000       1.04700327E-02
   6.87500000       1.17019415E-02
   7.12500000       1.88872814E-02
   7.37500000       2.13508606E-02
   7.62500000       1.92979574E-02
   7.87500000       1.97083950E-02
   8.12500000       2.17614174E-02
   8.37500000       2.68938541E-02
   8.62500000       3.46951485E-02
   8.87500000       3.67481709E-02
   9.12500000       9.52576399E-02
   9.37500000      0.124409795    
   9.62500000       9.21782255E-02
   9.87500000      0.284746408    
   10.1250000      0.300143719    
   10.3750000      0.569492936    
   10.6250000       1.31677270    
   10.8750000      0.808458209    
   11.1250000      -0.00000000    
   11.3750000      -0.00000000    
   11.6250000      -0.00000000    
   11.8750000      -0.00000000    
   12.1250000      -0.00000000    
   12.3750000      -0.00000000    
   12.6250000      -0.00000000    
   12.8750000      -0.00000000    
   13.1250000      -0.00000000    
   13.3750000      -0.00000000    
   13.6250000      -0.00000000    
   13.8750000      -0.00000000    
   14.1250000      -0.00000000    
   14.3750000      -0.00000000    
   14.6250000      -0.00000000    
   14.8750000      -0.00000000    
   15.1250000      -0.00000000    
   15.3750000      -0.00000000    
   15.6250000      -0.00000000    
   15.8750000      -0.00000000    
   16.1250000      -0.00000000    
   16.3750000      -0.00000000    
   16.6250000      -0.00000000    
   16.8750000      -0.00000000    
   17.1250000      -0.00000000    
   17.3750000      -0.00000000    
   17.6250000      -0.00000000    
   17.8750000      -0.00000000    
   18.1250000      -0.00000000    
   18.3750000      -0.00000000    
   18.6250000      -0.00000000    
   18.8750000      -0.00000000    
   19.1250000      -0.00000000    
   19.3750000      -0.00000000    
