 # Derivative distribution function -dV(r)/dr (or -dV(d)/dd) vs d
  0.125000000      -0.00000000    
  0.375000000      -0.00000000    
  0.625000000      -0.00000000    
  0.875000000      -0.00000000    
   1.12500000      -0.00000000    
   1.37500000      -0.00000000    
   1.62500000      -0.00000000    
   1.87500000      -0.00000000    
   2.12500000      -0.00000000    
   2.37500000      -0.00000000    
   2.62500000      -0.00000000    
   2.87500000       5.03063202E-04
   3.12500000       1.71025991E-02
   3.37500000       3.37021351E-02
   3.62500000       3.39537859E-02
   3.87500000       4.50201035E-02
   4.12500000       5.98591566E-02
   4.37500000       6.28772974E-02
   4.62500000       5.80985546E-02
   4.87500000       5.75956106E-02
   5.12500000       7.44466782E-02
   5.37500000       8.45069885E-02
   5.62500000       6.63983822E-02
   5.87500000       4.90442514E-02
   6.12500000       4.90442514E-02
   6.37500000       4.42656279E-02
   6.62500000       3.44567299E-02
   6.87500000       3.19416523E-02
   7.12500000       3.31991911E-02
   7.37500000       3.57142687E-02
   7.62500000       3.24447155E-02
   7.87500000       2.71630287E-02
   8.12500000       2.23842859E-02
   8.37500000       2.38933563E-02
   8.62500000       2.54024267E-02
   8.87500000       2.08752155E-02
   9.12500000       2.06236839E-02
   9.37500000       2.18813419E-02
   9.62500000       3.19416523E-02
   9.87500000       5.23138046E-02
   10.1250000       6.41348362E-02
   10.3750000       5.65896034E-02
   10.6250000       5.05533218E-02
   10.8750000      0.622233391    
   11.1250000       1.32595575    
   11.3750000      0.729879260    
   11.6250000      -0.00000000    
   11.8750000      -0.00000000    
   12.1250000      -0.00000000    
   12.3750000      -0.00000000    
   12.6250000      -0.00000000    
   12.8750000      -0.00000000    
   13.1250000      -0.00000000    
   13.3750000      -0.00000000    
   13.6250000      -0.00000000    
   13.8750000      -0.00000000    
   14.1250000      -0.00000000    
   14.3750000      -0.00000000    
   14.6250000      -0.00000000    
   14.8750000      -0.00000000    
   15.1250000      -0.00000000    
   15.3750000      -0.00000000    
   15.6250000      -0.00000000    
   15.8750000      -0.00000000    
   16.1250000      -0.00000000    
   16.3750000      -0.00000000    
   16.6250000      -0.00000000    
   16.8750000      -0.00000000    
   17.1250000      -0.00000000    
   17.3750000      -0.00000000    
   17.6250000      -0.00000000    
   17.8750000      -0.00000000    
   18.1250000      -0.00000000    
   18.3750000      -0.00000000    
   18.6250000      -0.00000000    
   18.8750000      -0.00000000    
   19.1250000      -0.00000000    
   19.3750000      -0.00000000    
