 # Derivative distribution function -dV(r)/dr (or -dV(d)/dd) vs d
  0.125000000      -0.00000000    
  0.375000000      -0.00000000    
  0.625000000      -0.00000000    
  0.875000000      -0.00000000    
   1.12500000      -0.00000000    
   1.37500000      -0.00000000    
   1.62500000      -0.00000000    
   1.87500000      -0.00000000    
   2.12500000      -0.00000000    
   2.37500000      -0.00000000    
   2.62500000       2.02655792E-04
   2.87500000       1.21617317E-03
   3.12500000       5.27012348E-03
   3.37500000       6.89160824E-03
   3.62500000       7.70246983E-03
   3.87500000       8.91864300E-03
   4.12500000       7.29703903E-03
   4.37500000       7.90512562E-03
   4.62500000       7.49969482E-03
   4.87500000       6.89172745E-03
   5.12500000       7.29703903E-03
   5.37500000       8.51321220E-03
   5.62500000       7.29715824E-03
   5.87500000       6.08086586E-03
   6.12500000       6.68895245E-03
   6.37500000       6.68895245E-03
   6.62500000       5.87809086E-03
   6.87500000       4.45926189E-03
   7.12500000       4.86469269E-03
   7.37500000       6.48629665E-03
   7.62500000       7.70246983E-03
   7.87500000       8.71598721E-03
   8.12500000       7.90512562E-03
   8.37500000       5.67543507E-03
   8.62500000       7.29703903E-03
   8.87500000       7.70246983E-03
   9.12500000       6.68907166E-03
   9.37500000       6.48629665E-03
   9.62500000       7.70235062E-03
   9.87500000       9.32395458E-03
   10.1250000       8.31055641E-03
   10.3750000       8.71586800E-03
   10.6250000       8.91864300E-03
   10.8750000       9.32407379E-03
   11.1250000       1.07429028E-02
   11.3750000       9.52672958E-03
   11.6250000       1.31752491E-02
   11.8750000       1.88506842E-02
   12.1250000       2.16883421E-02
   12.3750000       2.06749439E-02
   12.6250000       2.04722881E-02
   12.8750000       3.06071043E-02
   13.1250000       4.88497019E-02
   13.3750000       9.42535400E-02
   13.6250000      0.249924064    
   13.8750000      0.343974948    
   14.1250000      0.244045734    
   14.3750000      0.209992886    
   14.6250000      0.413702309    
   14.8750000       1.15212321    
   15.1250000      0.862876236    
   15.3750000      -0.00000000    
   15.6250000      -0.00000000    
   15.8750000      -0.00000000    
   16.1250000      -0.00000000    
   16.3750000      -0.00000000    
   16.6250000      -0.00000000    
   16.8750000      -0.00000000    
   17.1250000      -0.00000000    
   17.3750000      -0.00000000    
   17.6250000      -0.00000000    
   17.8750000      -0.00000000    
   18.1250000      -0.00000000    
   18.3750000      -0.00000000    
   18.6250000      -0.00000000    
   18.8750000      -0.00000000    
   19.1250000      -0.00000000    
   19.3750000      -0.00000000    
