 # Cumulative accessible volume distribution as a function of probe diameter
 # 
 # d(probe)                Volume Fraction
 -0.125000000       1.00000000    
  0.125000000       1.00000000    
  0.375000000       1.00000000    
  0.625000000       1.00000000    
  0.875000000       1.00000000    
   1.12500000       1.00000000    
   1.37500000       1.00000000    
   1.62500000       1.00000000    
   1.87500000       1.00000000    
   2.12500000       1.00000000    
   2.37500000       1.00000000    
   2.62500000       1.00000000    
   2.87500000      0.999898672    
   3.12500000      0.999391913    
   3.37500000      0.997263610    
   3.62500000      0.995946109    
   3.87500000      0.993412375    
   4.12500000      0.991486788    
   4.37500000      0.989763856    
   4.62500000      0.987534225    
   4.87500000      0.986014009    
   5.12500000      0.984088361    
   5.37500000      0.982365489    
   5.62500000      0.979831755    
   5.87500000      0.978716910    
   6.12500000      0.976791322    
   6.37500000      0.975372434    
   6.62500000      0.973446846    
   6.87500000      0.972433388    
   7.12500000      0.971217215    
   7.37500000      0.970001042    
   7.62500000      0.967974067    
   7.87500000      0.966149807    
   8.12500000      0.963616073    
   8.37500000      0.962197244    
   8.62500000      0.960778356    
   8.87500000      0.958548725    
   9.12500000      0.956927121    
   9.37500000      0.955204189    
   9.62500000      0.953683972    
   9.87500000      0.951353014    
   10.1250000      0.949021995    
   10.3750000      0.947197735    
   10.6250000      0.944664061    
   10.8750000      0.942738414    
   11.1250000      0.940002024    
   11.3750000      0.937366962    
   11.6250000      0.935238659    
   11.8750000      0.930779338    
   12.1250000      0.925813317    
   12.3750000      0.919935167    
   12.6250000      0.915475845    
   12.8750000      0.909699023    
   13.1250000      0.900172293    
   13.3750000      0.885274172    
   13.6250000      0.853045523    
   13.8750000      0.760312140    
   14.1250000      0.681058049    
   14.3750000      0.638289273    
   14.6250000      0.576061606    
   14.8750000      0.431438118    
   15.1250000       0.00000000    
   15.3750000       0.00000000    
   15.6250000       0.00000000    
   15.8750000       0.00000000    
   16.1250000       0.00000000    
   16.3750000       0.00000000    
   16.6250000       0.00000000    
   16.8750000       0.00000000    
   17.1250000       0.00000000    
   17.3750000       0.00000000    
   17.6250000       0.00000000    
   17.8750000       0.00000000    
   18.1250000       0.00000000    
   18.3750000       0.00000000    
   18.6250000       0.00000000    
   18.8750000       0.00000000    
   19.1250000       0.00000000    
   19.3750000       0.00000000    
   19.6250000       0.00000000    
