 # Derivative distribution function -dV(r)/dr (or -dV(d)/dd) vs d
  0.125000000      -0.00000000    
  0.375000000      -0.00000000    
  0.625000000      -0.00000000    
  0.875000000      -0.00000000    
   1.12500000      -0.00000000    
   1.37500000      -0.00000000    
   1.62500000      -0.00000000    
   1.87500000      -0.00000000    
   2.12500000      -0.00000000    
   2.37500000       7.19332695E-03
   2.62500000       4.73768711E-02
   2.87500000       5.43222427E-02
   3.12500000       4.36562300E-02
   3.37500000       7.04451799E-02
   3.62500000      0.119062424    
   3.87500000      0.141386628    
   4.12500000      0.119806528    
   4.37500000      0.120302677    
   4.62500000      0.124519348    
   4.87500000      0.102443218    
   5.12500000       7.63983727E-02
   5.37500000       7.68944025E-02
   5.62500000       7.86308050E-02
   5.87500000       7.51581192E-02
   6.12500000       5.43222427E-02
   6.37500000       5.35781384E-02
   6.62500000       9.17772055E-02
   6.87500000      0.774153531    
   7.12500000      0.725040317    
   7.37500000       1.58749819E-02
   7.62500000      0.392657816    
   7.87500000      0.508247554    
   8.12500000      0.126751825    
   8.37500000      -0.00000000    
   8.62500000      -0.00000000    
   8.87500000      -0.00000000    
   9.12500000      -0.00000000    
   9.37500000      -0.00000000    
   9.62500000      -0.00000000    
   9.87500000      -0.00000000    
   10.1250000      -0.00000000    
   10.3750000      -0.00000000    
   10.6250000      -0.00000000    
   10.8750000      -0.00000000    
   11.1250000      -0.00000000    
   11.3750000      -0.00000000    
   11.6250000      -0.00000000    
   11.8750000      -0.00000000    
   12.1250000      -0.00000000    
   12.3750000      -0.00000000    
   12.6250000      -0.00000000    
   12.8750000      -0.00000000    
   13.1250000      -0.00000000    
   13.3750000      -0.00000000    
   13.6250000      -0.00000000    
   13.8750000      -0.00000000    
   14.1250000      -0.00000000    
   14.3750000      -0.00000000    
   14.6250000      -0.00000000    
   14.8750000      -0.00000000    
   15.1250000      -0.00000000    
   15.3750000      -0.00000000    
   15.6250000      -0.00000000    
   15.8750000      -0.00000000    
   16.1250000      -0.00000000    
   16.3750000      -0.00000000    
   16.6250000      -0.00000000    
   16.8750000      -0.00000000    
   17.1250000      -0.00000000    
   17.3750000      -0.00000000    
   17.6250000      -0.00000000    
   17.8750000      -0.00000000    
   18.1250000      -0.00000000    
   18.3750000      -0.00000000    
   18.6250000      -0.00000000    
   18.8750000      -0.00000000    
   19.1250000      -0.00000000    
   19.3750000      -0.00000000    
