 # Derivative distribution function -dV(r)/dr (or -dV(d)/dd) vs d
  0.125000000      -0.00000000    
  0.375000000      -0.00000000    
  0.625000000      -0.00000000    
  0.875000000      -0.00000000    
   1.12500000      -0.00000000    
   1.37500000      -0.00000000    
   1.62500000      -0.00000000    
   1.87500000      -0.00000000    
   2.12500000      -0.00000000    
   2.37500000       6.44361973E-03
   2.62500000       5.45228720E-02
   2.87500000       5.92317581E-02
   3.12500000       4.83272076E-02
   3.37500000       7.58364201E-02
   3.62500000      0.107063174    
   3.87500000      0.129120231    
   4.12500000      0.114745975    
   4.37500000      0.114002466    
   4.62500000      0.118711233    
   4.87500000      0.100123882    
   5.12500000       8.02974701E-02
   5.37500000       7.93060064E-02
   5.62500000       7.75712729E-02
   5.87500000       6.64188862E-02
   6.12500000       5.13011217E-02
   6.37500000       5.55142164E-02
   6.62500000       8.02973509E-02
   6.87500000      0.773482084    
   7.12500000      0.733085513    
   7.37500000       1.71003342E-02
   7.62500000      0.405947924    
   7.87500000      0.523420095    
   8.12500000      0.128128871    
   8.37500000      -0.00000000    
   8.62500000      -0.00000000    
   8.87500000      -0.00000000    
   9.12500000      -0.00000000    
   9.37500000      -0.00000000    
   9.62500000      -0.00000000    
   9.87500000      -0.00000000    
   10.1250000      -0.00000000    
   10.3750000      -0.00000000    
   10.6250000      -0.00000000    
   10.8750000      -0.00000000    
   11.1250000      -0.00000000    
   11.3750000      -0.00000000    
   11.6250000      -0.00000000    
   11.8750000      -0.00000000    
   12.1250000      -0.00000000    
   12.3750000      -0.00000000    
   12.6250000      -0.00000000    
   12.8750000      -0.00000000    
   13.1250000      -0.00000000    
   13.3750000      -0.00000000    
   13.6250000      -0.00000000    
   13.8750000      -0.00000000    
   14.1250000      -0.00000000    
   14.3750000      -0.00000000    
   14.6250000      -0.00000000    
   14.8750000      -0.00000000    
   15.1250000      -0.00000000    
   15.3750000      -0.00000000    
   15.6250000      -0.00000000    
   15.8750000      -0.00000000    
   16.1250000      -0.00000000    
   16.3750000      -0.00000000    
   16.6250000      -0.00000000    
   16.8750000      -0.00000000    
   17.1250000      -0.00000000    
   17.3750000      -0.00000000    
   17.6250000      -0.00000000    
   17.8750000      -0.00000000    
   18.1250000      -0.00000000    
   18.3750000      -0.00000000    
   18.6250000      -0.00000000    
   18.8750000      -0.00000000    
   19.1250000      -0.00000000    
   19.3750000      -0.00000000    
