 # Derivative distribution function -dV(r)/dr (or -dV(d)/dd) vs d
  0.125000000      -0.00000000    
  0.375000000      -0.00000000    
  0.625000000      -0.00000000    
  0.875000000      -0.00000000    
   1.12500000      -0.00000000    
   1.37500000      -0.00000000    
   1.62500000      -0.00000000    
   1.87500000      -0.00000000    
   2.12500000      -0.00000000    
   2.37500000       1.13201141E-03
   2.62500000       4.07516956E-03
   2.87500000       4.75430489E-03
   3.12500000       1.31310225E-02
   3.37500000       2.80734301E-02
   3.62500000       3.05638313E-02
   3.87500000       2.89789438E-02
   4.12500000       2.69412994E-02
   4.37500000       2.67149210E-02
   4.62500000       3.12429667E-02
   4.87500000       3.19221020E-02
   5.12500000       3.05637121E-02
   5.37500000       3.50917578E-02
   5.62500000       3.57708931E-02
   5.87500000       3.71292830E-02
   6.12500000       3.87140512E-02
   6.37500000       4.16572094E-02
   6.62500000       5.25243282E-02
   6.87500000       5.00339270E-02
   7.12500000       4.66380119E-02
   7.37500000       5.52411079E-02
   7.62500000       4.39212322E-02
   7.87500000       4.09780741E-02
   8.12500000       4.52796221E-02
   8.37500000       3.46388817E-02
   8.62500000       4.27892208E-02
   8.87500000       5.59202433E-02
   9.12500000       7.58433342E-02
   9.37500000       8.48993063E-02
   9.62500000       1.48200130    
   9.87500000       1.44283450    
   10.1250000      -0.00000000    
   10.3750000      -0.00000000    
   10.6250000      -0.00000000    
   10.8750000      -0.00000000    
   11.1250000      -0.00000000    
   11.3750000      -0.00000000    
   11.6250000      -0.00000000    
   11.8750000      -0.00000000    
   12.1250000      -0.00000000    
   12.3750000      -0.00000000    
   12.6250000      -0.00000000    
   12.8750000      -0.00000000    
   13.1250000      -0.00000000    
   13.3750000      -0.00000000    
   13.6250000      -0.00000000    
   13.8750000      -0.00000000    
   14.1250000      -0.00000000    
   14.3750000      -0.00000000    
   14.6250000      -0.00000000    
   14.8750000      -0.00000000    
   15.1250000      -0.00000000    
   15.3750000      -0.00000000    
   15.6250000      -0.00000000    
   15.8750000      -0.00000000    
   16.1250000      -0.00000000    
   16.3750000      -0.00000000    
   16.6250000      -0.00000000    
   16.8750000      -0.00000000    
   17.1250000      -0.00000000    
   17.3750000      -0.00000000    
   17.6250000      -0.00000000    
   17.8750000      -0.00000000    
   18.1250000      -0.00000000    
   18.3750000      -0.00000000    
   18.6250000      -0.00000000    
   18.8750000      -0.00000000    
   19.1250000      -0.00000000    
   19.3750000      -0.00000000    
