 # Derivative distribution function -dV(r)/dr (or -dV(d)/dd) vs d
  0.125000000      -0.00000000    
  0.375000000      -0.00000000    
  0.625000000      -0.00000000    
  0.875000000      -0.00000000    
   1.12500000      -0.00000000    
   1.37500000      -0.00000000    
   1.62500000      -0.00000000    
   1.87500000      -0.00000000    
   2.12500000      -0.00000000    
   2.37500000       1.37019157E-03
   2.62500000       3.65376472E-03
   2.87500000       3.65376472E-03
   3.12500000       1.55286789E-02
   3.37500000       2.90020704E-02
   3.62500000       2.60334015E-02
   3.87500000       2.53483057E-02
   4.12500000       2.62616873E-02
   4.37500000       2.35213041E-02
   4.62500000       3.12856436E-02
   4.87500000       3.65380049E-02
   5.12500000       3.31126451E-02
   5.37500000       3.63097191E-02
   5.62500000       3.67662907E-02
   5.87500000       3.81364822E-02
   6.12500000       3.90501022E-02
   6.37500000       4.13336754E-02
   6.62500000       5.70906401E-02
   6.87500000       5.66339493E-02
   7.12500000       4.86412048E-02
   7.37500000       5.27517796E-02
   7.62500000       4.24754620E-02
   7.87500000       4.27037477E-02
   8.12500000       4.72710133E-02
   8.37500000       3.56246233E-02
   8.62500000       3.58530283E-02
   8.87500000       4.40739393E-02
   9.12500000       7.07924366E-02
   9.37500000       8.97465944E-02
   9.62500000       1.48618400    
   9.87500000       1.44325185    
   10.1250000      -0.00000000    
   10.3750000      -0.00000000    
   10.6250000      -0.00000000    
   10.8750000      -0.00000000    
   11.1250000      -0.00000000    
   11.3750000      -0.00000000    
   11.6250000      -0.00000000    
   11.8750000      -0.00000000    
   12.1250000      -0.00000000    
   12.3750000      -0.00000000    
   12.6250000      -0.00000000    
   12.8750000      -0.00000000    
   13.1250000      -0.00000000    
   13.3750000      -0.00000000    
   13.6250000      -0.00000000    
   13.8750000      -0.00000000    
   14.1250000      -0.00000000    
   14.3750000      -0.00000000    
   14.6250000      -0.00000000    
   14.8750000      -0.00000000    
   15.1250000      -0.00000000    
   15.3750000      -0.00000000    
   15.6250000      -0.00000000    
   15.8750000      -0.00000000    
   16.1250000      -0.00000000    
   16.3750000      -0.00000000    
   16.6250000      -0.00000000    
   16.8750000      -0.00000000    
   17.1250000      -0.00000000    
   17.3750000      -0.00000000    
   17.6250000      -0.00000000    
   17.8750000      -0.00000000    
   18.1250000      -0.00000000    
   18.3750000      -0.00000000    
   18.6250000      -0.00000000    
   18.8750000      -0.00000000    
   19.1250000      -0.00000000    
   19.3750000      -0.00000000    
