 # Derivative distribution function -dV(r)/dr (or -dV(d)/dd) vs d
  0.125000000      -0.00000000    
  0.375000000      -0.00000000    
  0.625000000      -0.00000000    
  0.875000000      -0.00000000    
   1.12500000      -0.00000000    
   1.37500000      -0.00000000    
   1.62500000      -0.00000000    
   1.87500000      -0.00000000    
   2.12500000      -0.00000000    
   2.37500000       2.06947327E-04
   2.62500000       6.20722771E-04
   2.87500000       3.31020355E-03
   3.12500000       9.10305977E-03
   3.37500000       1.55166388E-02
   3.62500000       1.92407370E-02
   3.87500000       2.87576914E-02
   4.12500000       3.10333967E-02
   4.37500000       2.58611441E-02
   4.62500000       2.44129896E-02
   4.87500000       2.29647160E-02
   5.12500000       2.37922668E-02
   5.37500000       1.96545124E-02
   5.62500000       1.36547089E-02
   5.87500000       1.84131861E-02
   6.12500000       2.33784914E-02
   6.37500000       1.96545124E-02
   6.62500000       1.90337896E-02
   6.87500000       1.98613405E-02
   7.12500000       1.96545124E-02
   7.37500000       1.63443089E-02
   7.62500000       1.84131861E-02
   7.87500000       2.27577686E-02
   8.12500000       1.94475651E-02
   8.37500000       2.58611441E-02
   8.62500000       2.85507441E-02
   8.87500000       2.48267651E-02
   9.12500000       2.48267651E-02
   9.37500000       2.44129896E-02
   9.62500000       2.27577686E-02
   9.87500000       1.90337896E-02
   10.1250000       1.65512562E-02
   10.3750000       1.82062387E-02
   10.6250000       2.15164423E-02
   10.8750000       2.11027861E-02
   11.1250000       2.75162458E-02
   11.3750000      0.493017435    
   11.6250000      0.490534902    
   11.8750000       2.42060423E-02
   12.1250000       1.73786879E-02
   12.3750000       1.73788071E-02
   12.6250000       1.36547089E-02
   12.8750000       1.42753124E-02
   13.1250000       1.79994106E-02
   13.3750000       1.30339861E-02
   13.6250000       1.19994879E-02
   13.8750000       1.38616562E-02
   14.1250000       1.65512562E-02
   14.3750000       2.46198177E-02
   14.6250000       1.06837690    
   14.8750000       1.05286026    
   15.1250000      -0.00000000    
   15.3750000      -0.00000000    
   15.6250000      -0.00000000    
   15.8750000      -0.00000000    
   16.1250000      -0.00000000    
   16.3750000      -0.00000000    
   16.6250000      -0.00000000    
   16.8750000      -0.00000000    
   17.1250000      -0.00000000    
   17.3750000      -0.00000000    
   17.6250000      -0.00000000    
   17.8750000      -0.00000000    
   18.1250000      -0.00000000    
   18.3750000      -0.00000000    
   18.6250000      -0.00000000    
   18.8750000      -0.00000000    
   19.1250000      -0.00000000    
   19.3750000      -0.00000000    
