 # Derivative distribution function -dV(r)/dr (or -dV(d)/dd) vs d
  0.125000000      -0.00000000    
  0.375000000      -0.00000000    
  0.625000000      -0.00000000    
  0.875000000      -0.00000000    
   1.12500000      -0.00000000    
   1.37500000      -0.00000000    
   1.62500000      -0.00000000    
   1.87500000      -0.00000000    
   2.12500000      -0.00000000    
   2.37500000      -0.00000000    
   2.62500000       2.07066536E-04
   2.87500000       2.89976597E-03
   3.12500000       1.11848116E-02
   3.37500000       1.88484192E-02
   3.62500000       2.09196806E-02
   3.87500000       2.40265131E-02
   4.12500000       2.58905888E-02
   4.37500000       2.38193274E-02
   4.62500000       2.07124949E-02
   4.87500000       2.27837563E-02
   5.12500000       2.50622034E-02
   5.37500000       2.15409994E-02
   5.62500000       1.84340477E-02
   5.87500000       2.25766897E-02
   6.12500000       2.40265131E-02
   6.37500000       1.80199146E-02
   6.62500000       1.51201487E-02
   6.87500000       1.55342817E-02
   7.12500000       1.78127289E-02
   7.37500000       1.73985958E-02
   7.62500000       2.29909420E-02
   7.87500000       2.73404121E-02
   8.12500000       2.29909420E-02
   8.37500000       2.40265131E-02
   8.62500000       2.34050751E-02
   8.87500000       2.44407654E-02
   9.12500000       3.14830542E-02
   9.37500000       2.81690359E-02
   9.62500000       1.92625523E-02
   9.87500000       1.96769238E-02
   10.1250000       1.90556049E-02
   10.3750000       2.21624374E-02
   10.6250000       2.46478319E-02
   10.8750000       2.23695040E-02
   11.1250000       2.50622034E-02
   11.3750000      0.499792814    
   11.6250000      0.497721553    
   11.8750000       1.96769238E-02
   12.1250000       1.55344009E-02
   12.3750000       1.49129629E-02
   12.6250000       1.26346350E-02
   12.8750000       1.47058964E-02
   13.1250000       1.76056623E-02
   13.3750000       1.67771578E-02
   13.6250000       1.55344009E-02
   13.8750000       1.22203827E-02
   14.1250000       1.47057772E-02
   14.3750000       2.34050751E-02
   14.6250000       1.05799508    
   14.8750000       1.04287493    
   15.1250000      -0.00000000    
   15.3750000      -0.00000000    
   15.6250000      -0.00000000    
   15.8750000      -0.00000000    
   16.1250000      -0.00000000    
   16.3750000      -0.00000000    
   16.6250000      -0.00000000    
   16.8750000      -0.00000000    
   17.1250000      -0.00000000    
   17.3750000      -0.00000000    
   17.6250000      -0.00000000    
   17.8750000      -0.00000000    
   18.1250000      -0.00000000    
   18.3750000      -0.00000000    
   18.6250000      -0.00000000    
   18.8750000      -0.00000000    
   19.1250000      -0.00000000    
   19.3750000      -0.00000000    
